2021930000,'23914',40,,18575,1,4,,1,100,,18576,1,4,,1,100,,18577,1,4,,1,100,,18578,1,4,,1,100,,18579,1,4,,1,100,,18580,1,4,,1,90,,18581,1,4,,1,80,,18582,1,4,,1,40,,18583,1,4,,1,80,,18584,1,4,,1,80,,18585,1,4,,1,40,,18586,1,4,,1,60,,18587,1,4,,1,20,,18588,1,4,,1,20,,18589,1,4,,1,60,,18590,1,4,,1,20,,18591,1,4,,1,20,,18592,1,4,,1,60,,18593,1,4,,1,20,,18594,1,4,,1,20,,18595,1,4,,1,60,,18596,1,4,,1,20,,18597,1,4,,1,20,,18598,1,4,,1,60,,18599,1,4,,1,20,,18600,1,4,,1,20,,18601,1,4,,1,60,,18602,1,4,,1,20,,18603,1,4,,1,20,,18604,1,4,,1,60,,18605,1,4,,1,20,,18606,1,4,,1,20,,18607,1,4,,1,60,,18608,1,4,,1,20,,18609,1,4,,1,20,,18610,1,4,,1,60,,18611,1,4,,1,20,,18612,1,4,,1,20,,18613,1,4,,1,60,,18614,1,4,,1,20,,18615,1,4,,1,20,,18616,1,4,,1,60,,18617,1,4,,1,20,,18618,1,4,,1,80,,18619,1,4,,1,40,,18620,1,4,,1,80,,18621,1,4,,1,80,,18622,1,4,,1,40,,18623,1,4,,1
2021930000,'23915',40,,18674,1,4,,1,100,,18673,1,4,,1,100,,18672,1,4,,1,100,,18671,1,4,,1,100,,18670,1,4,,1,110,,18669,1,4,,1,80,,18668,1,4,,1,80,,18667,1,4,,1,40,,18666,1,4,,1,60,,18665,1,4,,1,20,,18664,1,4,,1,80,,18663,1,4,,1,20,,18662,1,4,,1,20,,18661,1,4,,1,60,,18660,1,4,,1,20,,18659,1,4,,1,20,,18658,1,4,,1,60,,18657,1,4,,1,20,,18656,1,4,,1,20,,18655,1,4,,1,60,,18654,1,4,,1,20,,18653,1,4,,1,20,,18652,1,4,,1,60,,18651,1,4,,1,20,,18650,1,4,,1,20,,18649,1,4,,1,60,,18648,1,4,,1,20,,18647,1,4,,1,20,,18646,1,4,,1,60,,18645,1,4,,1,20,,18644,1,4,,1,20,,18643,1,4,,1,60,,18642,1,4,,1,20,,18641,1,4,,1,20,,18640,1,4,,1,60,,18639,1,4,,1,20,,18638,1,4,,1,20,,18637,1,4,,1,60,,18636,1,4,,1,20,,18635,1,4,,1,20,,18634,1,4,,1,60,,18633,1,4,,1,20,,18632,1,4,,1,20,,18631,1,4,,1,60,,18630,1,4,,1,20,,18629,1,4,,1,80,,18628,1,4,,1,40,,18627,1,4,,1,80,,18626,1,4,,1,80,,18625,1,4,,1,40,,18624,1,4,,1
2021930000,'23916',40,,18725,1,4,,1,100,,18724,1,4,,1,100,,18723,1,4,,1,100,,18722,1,4,,1,100,,18721,1,4,,1,110,,18720,1,4,,1,80,,18719,1,4,,1,80,,18718,1,4,,1,40,,18717,1,4,,1,60,,18716,1,4,,1,20,,18715,1,4,,1,80,,18714,1,4,,1,20,,18713,1,4,,1,20,,18712,1,4,,1,60,,18711,1,4,,1,20,,18710,1,4,,1,20,,18709,1,4,,1,60,,18708,1,4,,1,20,,18707,1,4,,1,20,,18706,1,4,,1,60,,18705,1,4,,1,20,,18704,1,4,,1,20,,18703,1,4,,1,60,,18702,1,4,,1,20,,18701,1,4,,1,20,,18700,1,4,,1,60,,18699,1,4,,1,20,,18698,1,4,,1,20,,18697,1,4,,1,60,,18696,1,4,,1,20,,18695,1,4,,1,20,,18694,1,4,,1,60,,18693,1,4,,1,20,,18692,1,4,,1,20,,18691,1,4,,1,60,,18690,1,4,,1,20,,18689,1,4,,1,20,,18688,1,4,,1,60,,18687,1,4,,1,20,,18686,1,4,,1,20,,18685,1,4,,1,60,,18684,1,4,,1,20,,18683,1,4,,1,20,,18682,1,4,,1,60,,18681,1,4,,1,20,,18680,1,4,,1,80,,18679,1,4,,1,40,,18678,1,4,,1,80,,18677,1,4,,1,80,,18676,1,4,,1,40,,18675,1,4,,1
2021930000,'23917',40,,18776,1,4,,1,100,,18775,1,4,,1,100,,18774,1,4,,1,100,,18773,1,4,,1,100,,18772,1,4,,1,110,,18771,1,4,,1,80,,18770,1,4,,1,80,,18769,1,4,,1,40,,18768,1,4,,1,60,,18767,1,4,,1,20,,18766,1,4,,1,80,,18765,1,4,,1,20,,18764,1,4,,1,20,,18763,1,4,,1,60,,18762,1,4,,1,20,,18761,1,4,,1,20,,18760,1,4,,1,60,,18759,1,4,,1,20,,18758,1,4,,1,20,,18757,1,4,,1,60,,18756,1,4,,1,20,,18755,1,4,,1,20,,18754,1,4,,1,60,,18753,1,4,,1,20,,18752,1,4,,1,20,,18751,1,4,,1,60,,18750,1,4,,1,20,,18749,1,4,,1,20,,18748,1,4,,1,60,,18747,1,4,,1,20,,18746,1,4,,1,20,,18745,1,4,,1,60,,18744,1,4,,1,20,,18743,1,4,,1,20,,18742,1,4,,1,60,,18741,1,4,,1,20,,18740,1,4,,1,20,,18739,1,4,,1,60,,18738,1,4,,1,20,,18737,1,4,,1,20,,18736,1,4,,1,60,,18735,1,4,,1,20,,18734,1,4,,1,20,,18733,1,4,,1,60,,18732,1,4,,1,20,,18731,1,4,,1,80,,18730,1,4,,1,40,,18729,1,4,,1,80,,18728,1,4,,1,80,,18727,1,4,,1,40,,18726,1,4,,1
2021930000,'23918',40,,18827,1,4,,1,100,,18826,1,4,,1,100,,18825,1,4,,1,100,,18824,1,4,,1,100,,18823,1,4,,1,110,,18822,1,4,,1,80,,18821,1,4,,1,80,,18820,1,4,,1,40,,18819,1,4,,1,60,,18818,1,4,,1,20,,18817,1,4,,1,80,,18816,1,4,,1,20,,18815,1,4,,1,20,,18814,1,4,,1,60,,18813,1,4,,1,20,,18812,1,4,,1,20,,18811,1,4,,1,60,,18810,1,4,,1,20,,18809,1,4,,1,20,,18808,1,4,,1,60,,18807,1,4,,1,20,,18806,1,4,,1,20,,18805,1,4,,1,60,,18804,1,4,,1,20,,18803,1,4,,1,20,,18802,1,4,,1,60,,18801,1,4,,1,20,,18800,1,4,,1,20,,18799,1,4,,1,60,,18798,1,4,,1,20,,18797,1,4,,1,20,,18796,1,4,,1,60,,18795,1,4,,1,20,,18794,1,4,,1,20,,18793,1,4,,1,60,,18792,1,4,,1,20,,18791,1,4,,1,20,,18790,1,4,,1,60,,18789,1,4,,1,20,,18788,1,4,,1,20,,18787,1,4,,1,60,,18786,1,4,,1,20,,18785,1,4,,1,20,,18784,1,4,,1,60,,18783,1,4,,1,20,,18782,1,4,,1,80,,18781,1,4,,1,40,,18780,1,4,,1,80,,18779,1,4,,1,80,,18778,1,4,,1,40,,18777,1,4,,1
2021930000,'23919',40,,18878,1,4,,1,100,,18877,1,4,,1,100,,18876,1,4,,1,100,,18875,1,4,,1,100,,18874,1,4,,1,110,,18873,1,4,,1,80,,18872,1,4,,1,80,,18871,1,4,,1,40,,18870,1,4,,1,60,,18869,1,4,,1,20,,18868,1,4,,1,80,,18867,1,4,,1,20,,18866,1,4,,1,20,,18865,1,4,,1,60,,18864,1,4,,1,20,,18863,1,4,,1,20,,18862,1,4,,1,60,,18861,1,4,,1,20,,18860,1,4,,1,20,,18859,1,4,,1,60,,18858,1,4,,1,20,,18857,1,4,,1,20,,18856,1,4,,1,60,,18855,1,4,,1,20,,18854,1,4,,1,20,,18853,1,4,,1,60,,18852,1,4,,1,20,,18851,1,4,,1,20,,18850,1,4,,1,60,,18849,1,4,,1,20,,18848,1,4,,1,20,,18847,1,4,,1,60,,18846,1,4,,1,20,,18845,1,4,,1,20,,18844,1,4,,1,60,,18843,1,4,,1,20,,18842,1,4,,1,20,,18841,1,4,,1,60,,18840,1,4,,1,20,,18839,1,4,,1,20,,18838,1,4,,1,60,,18837,1,4,,1,20,,18836,1,4,,1,20,,18835,1,4,,1,60,,18834,1,4,,1,20,,18833,1,4,,1,80,,18832,1,4,,1,40,,18831,1,4,,1,80,,18830,1,4,,1,80,,18829,1,4,,1,40,,18828,1,4,,1
2021930000,'23920',40,,18879,1,4,,1,100,,18880,1,4,,1,100,,18881,1,4,,1,100,,18882,1,4,,1,100,,18883,1,4,,1,100,,18884,1,4,,1,90,,18885,1,4,,1,80,,18886,1,4,,1,40,,18887,1,4,,1,80,,18888,1,4,,1,80,,18889,1,4,,1,40,,18890,1,4,,1,60,,18891,1,4,,1,20,,18892,1,4,,1,20,,18893,1,4,,1,60,,18894,1,4,,1,20,,18895,1,4,,1,20,,18896,1,4,,1,60,,18897,1,4,,1,20,,18898,1,4,,1,20,,18899,1,4,,1,60,,18900,1,4,,1,20,,18901,1,4,,1,20,,18902,1,4,,1,60,,18903,1,4,,1,20,,18904,1,4,,1,20,,18905,1,4,,1,60,,18906,1,4,,1,20,,18907,1,4,,1,20,,18908,1,4,,1,60,,18909,1,4,,1,20,,18910,1,4,,1,20,,18911,1,4,,1,60,,18912,1,4,,1,20,,18913,1,4,,1,20,,18914,1,4,,1,60,,18915,1,4,,1,20,,18916,1,4,,1,20,,18917,1,4,,1,60,,18918,1,4,,1,20,,18919,1,4,,1,20,,18920,1,4,,1,60,,18921,1,4,,1,20,,18922,1,4,,1,80,,18923,1,4,,1,40,,18924,1,4,,1,80,,18925,1,4,,1,80,,18926,1,4,,1,40,,18927,1,4,,1
2021930000,'24614',40,,18928,1,4,,1,100,,18929,1,4,,1,100,,18930,1,4,,1,100,,18931,1,4,,1,100,,18932,1,4,,1,100,,18933,1,4,,1,90,,18934,1,4,,1,80,,18935,1,4,,1,40,,18936,1,4,,1,60,,18937,1,4,,1,20,,18938,1,4,,1,20,,18939,1,4,,1,60,,18940,1,4,,1,20,,18941,1,4,,1,20,,18942,1,4,,1,60,,18943,1,4,,1,20,,18944,1,4,,1,20,,18945,1,4,,1,60,,18946,1,4,,1,20,,18947,1,4,,1,20,,18948,1,4,,1,60,,18949,1,4,,1,20,,18950,1,4,,1,20,,18951,1,4,,1,60,,18952,1,4,,1,20,,18953,1,4,,1,20,,18954,1,4,,1,60,,18955,1,4,,1,20,,18956,1,4,,1,20,,18957,1,4,,1,60,,18958,1,4,,1,20,,18959,1,4,,1,20,,18960,1,4,,1,60,,18961,1,4,,1,20,,18962,1,4,,1,20,,18963,1,4,,1,60,,18964,1,4,,1,20,,18965,1,4,,1,20,,18966,1,4,,1,60,,18967,1,4,,1,20,,18968,1,4,,1,20,,18969,1,4,,1,60,,18970,1,4,,1,20,,18971,1,4,,1,20,,18972,1,4,,1,60,,18973,1,4,,1,20,,18974,1,4,,1,80,,18975,1,4,,1,40,,18976,1,4,,1,80,,18977,1,4,,1,80,,18978,1,4,,1,40,,18979,1,4,,1
2021930000,'24615',40,,18980,1,4,,1,100,,18981,1,4,,1,100,,18982,1,4,,1,100,,18983,1,4,,1,100,,18984,1,4,,1,110,,18985,1,4,,1,80,,18986,1,4,,1,80,,18987,1,4,,1,40,,18988,1,4,,1,60,,18989,1,4,,1,20,,18990,1,4,,1,20,,18991,1,4,,1,60,,18992,1,4,,1,20,,18993,1,4,,1,20,,18994,1,4,,1,60,,18995,1,4,,1,20,,18996,1,4,,1,20,,18997,1,4,,1,60,,18998,1,4,,1,20,,18999,1,4,,1,20,,19000,1,4,,1,60,,19001,1,4,,1,20,,19002,1,4,,1,20,,19003,1,4,,1,60,,19004,1,4,,1,20,,19005,1,4,,1,20,,19006,1,4,,1,60,,19007,1,4,,1,20,,19008,1,4,,1,20,,19009,1,4,,1,60,,19010,1,4,,1,20,,19011,1,4,,1,20,,19012,1,4,,1,60,,19013,1,4,,1,20,,19014,1,4,,1,20,,19015,1,4,,1,60,,19016,1,4,,1,20,,19017,1,4,,1,20,,19018,1,4,,1,60,,19019,1,4,,1,20,,19020,1,4,,1,20,,19021,1,4,,1,60,,19022,1,4,,1,20,,19023,1,4,,1,20,,19024,1,4,,1,60,,19025,1,4,,1,20,,19026,1,4,,1,80,,19027,1,4,,1,40,,19028,1,4,,1,80,,19029,1,4,,1,80,,19030,1,4,,1,40,,19031,1,4,,1
2021930000,'24616',40,,19032,1,4,,1,100,,19033,1,4,,1,100,,19034,1,4,,1,100,,19035,1,4,,1,100,,19036,1,4,,1,110,,19037,1,4,,1,80,,19038,1,4,,1,80,,19039,1,4,,1,40,,19040,1,4,,1,60,,19041,1,4,,1,20,,19042,1,4,,1,20,,19043,1,4,,1,60,,19044,1,4,,1,20,,19045,1,4,,1,20,,19046,1,4,,1,60,,19047,1,4,,1,20,,19048,1,4,,1,20,,19049,1,4,,1,60,,19050,1,4,,1,20,,19051,1,4,,1,20,,19052,1,4,,1,60,,19053,1,4,,1,20,,19054,1,4,,1,20,,19055,1,4,,1,60,,19056,1,4,,1,20,,19057,1,4,,1,20,,19058,1,4,,1,60,,19059,1,4,,1,20,,19060,1,4,,1,20,,19061,1,4,,1,60,,19062,1,4,,1,20,,19063,1,4,,1,20,,19064,1,4,,1,60,,19065,1,4,,1,20,,19066,1,4,,1,20,,19067,1,4,,1,60,,19068,1,4,,1,20,,19069,1,4,,1,20,,19070,1,4,,1,60,,19071,1,4,,1,20,,19072,1,4,,1,20,,19073,1,4,,1,60,,19074,1,4,,1,20,,19075,1,4,,1,20,,19076,1,4,,1,60,,19077,1,4,,1,20,,19078,1,4,,1,80,,19079,1,4,,1,40,,19080,1,4,,1,80,,19081,1,4,,1,80,,19082,1,4,,1,40,,19083,1,4,,1
2021930000,'24617',40,,19084,1,4,,1,100,,19085,1,4,,1,100,,19086,1,4,,1,100,,19087,1,4,,1,100,,19088,1,4,,1,110,,19089,1,4,,1,80,,19090,1,4,,1,80,,19091,1,4,,1,40,,19092,1,4,,1,60,,19093,1,4,,1,20,,19094,1,4,,1,20,,19095,1,4,,1,60,,19096,1,4,,1,20,,19097,1,4,,1,20,,19098,1,4,,1,60,,19099,1,4,,1,20,,19100,1,4,,1,20,,19101,1,4,,1,60,,19102,1,4,,1,20,,19103,1,4,,1,20,,19104,1,4,,1,60,,19105,1,4,,1,20,,19106,1,4,,1,20,,19107,1,4,,1,60,,19108,1,4,,1,20,,19109,1,4,,1,20,,19110,1,4,,1,60,,19111,1,4,,1,20,,19112,1,4,,1,20,,19113,1,4,,1,60,,19114,1,4,,1,20,,19115,1,4,,1,20,,19116,1,4,,1,60,,19117,1,4,,1,20,,19118,1,4,,1,20,,19119,1,4,,1,60,,19120,1,4,,1,20,,19121,1,4,,1,20,,19122,1,4,,1,60,,19123,1,4,,1,20,,19124,1,4,,1,20,,19125,1,4,,1,60,,19126,1,4,,1,20,,19127,1,4,,1,20,,19128,1,4,,1,60,,19129,1,4,,1,20,,19130,1,4,,1,80,,19131,1,4,,1,40,,19132,1,4,,1,80,,19133,1,4,,1,80,,19134,1,4,,1,40,,19135,1,4,,1
2021930000,'24618',40,,19136,1,4,,1,100,,19137,1,4,,1,100,,19138,1,4,,1,100,,19139,1,4,,1,100,,19140,1,4,,1,110,,19141,1,4,,1,80,,19142,1,4,,1,80,,19143,1,4,,1,40,,19144,1,4,,1,60,,19145,1,4,,1,20,,19146,1,4,,1,20,,19147,1,4,,1,60,,19148,1,4,,1,20,,19149,1,4,,1,20,,19150,1,4,,1,60,,19151,1,4,,1,20,,19152,1,4,,1,20,,19153,1,4,,1,60,,19154,1,4,,1,20,,19155,1,4,,1,20,,19156,1,4,,1,60,,19157,1,4,,1,20,,19158,1,4,,1,20,,19159,1,4,,1,60,,19160,1,4,,1,20,,19161,1,4,,1,20,,19162,1,4,,1,60,,19163,1,4,,1,20,,19164,1,4,,1,20,,19165,1,4,,1,60,,19166,1,4,,1,20,,19167,1,4,,1,20,,19168,1,4,,1,60,,19169,1,4,,1,20,,19170,1,4,,1,20,,19171,1,4,,1,60,,19172,1,4,,1,20,,19173,1,4,,1,20,,19174,1,4,,1,60,,19175,1,4,,1,20,,19176,1,4,,1,20,,19177,1,4,,1,60,,19178,1,4,,1,20,,19179,1,4,,1,20,,19180,1,4,,1,60,,19181,1,4,,1,20,,19182,1,4,,1,80,,19183,1,4,,1,40,,19184,1,4,,1,80,,19185,1,4,,1,80,,19186,1,4,,1,40,,19187,1,4,,1
2021930000,'24619',40,,19188,1,4,,1,100,,19189,1,4,,1,100,,19190,1,4,,1,100,,19191,1,4,,1,100,,19192,1,4,,1,110,,19193,1,4,,1,80,,19194,1,4,,1,80,,19195,1,4,,1,40,,19196,1,4,,1,60,,19197,1,4,,1,20,,19198,1,4,,1,20,,19199,1,4,,1,60,,19200,1,4,,1,20,,19201,1,4,,1,20,,19202,1,4,,1,60,,19203,1,4,,1,20,,19204,1,4,,1,20,,19205,1,4,,1,60,,19206,1,4,,1,20,,19207,1,4,,1,20,,19208,1,4,,1,60,,19209,1,4,,1,20,,19210,1,4,,1,20,,19211,1,4,,1,60,,19212,1,4,,1,20,,19213,1,4,,1,20,,19214,1,4,,1,60,,19215,1,4,,1,20,,19216,1,4,,1,20,,19217,1,4,,1,60,,19218,1,4,,1,20,,19219,1,4,,1,20,,19220,1,4,,1,60,,19221,1,4,,1,20,,19222,1,4,,1,20,,19223,1,4,,1,60,,19224,1,4,,1,20,,19225,1,4,,1,20,,19226,1,4,,1,60,,19227,1,4,,1,20,,19228,1,4,,1,20,,19229,1,4,,1,60,,19230,1,4,,1,20,,19231,1,4,,1,20,,19232,1,4,,1,60,,19233,1,4,,1,20,,19234,1,4,,1,80,,19235,1,4,,1,40,,19236,1,4,,1,80,,19237,1,4,,1,80,,19238,1,4,,1,40,,19239,1,4,,1
2021930000,'24620',40,,19240,1,4,,1,100,,19241,1,4,,1,100,,19242,1,4,,1,100,,19243,1,4,,1,100,,19244,1,4,,1,100,,19245,1,4,,1,90,,19246,1,4,,1,80,,19247,1,4,,1,40,,19248,1,4,,1,60,,19249,1,4,,1,20,,19250,1,4,,1,20,,19251,1,4,,1,60,,19252,1,4,,1,20,,19253,1,4,,1,20,,19254,1,4,,1,60,,19255,1,4,,1,20,,19256,1,4,,1,20,,19257,1,4,,1,60,,19258,1,4,,1,20,,19259,1,4,,1,20,,19260,1,4,,1,60,,19261,1,4,,1,20,,19262,1,4,,1,20,,19263,1,4,,1,60,,19264,1,4,,1,20,,19265,1,4,,1,20,,19266,1,4,,1,60,,19267,1,4,,1,20,,19268,1,4,,1,20,,19269,1,4,,1,60,,19270,1,4,,1,20,,19271,1,4,,1,20,,19272,1,4,,1,60,,19273,1,4,,1,20,,19274,1,4,,1,20,,19275,1,4,,1,60,,19276,1,4,,1,20,,19277,1,4,,1,20,,19278,1,4,,1,60,,19279,1,4,,1,20,,19280,1,4,,1,20,,19281,1,4,,1,60,,19282,1,4,,1,20,,19283,1,4,,1,20,,19284,1,4,,1,60,,19285,1,4,,1,20,,19286,1,4,,1,80,,19287,1,4,,1,40,,19288,1,4,,1,80,,19289,1,4,,1,80,,19290,1,4,,1,40,,19291,1,4,,1
2021930000,'24650',40,,19292,1,4,,1,100,,19293,1,4,,1,100,,19294,1,4,,1,100,,19295,1,4,,1,100,,19296,1,4,,1,110,,19297,1,4,,1,80,,19298,1,4,,1,80,,19299,1,4,,1,40,,19300,1,4,,1,80,,19301,1,4,,1,80,,19302,1,4,,1,40,,19303,1,4,,1,80,,19304,1,4,,1,20,,19305,1,4,,1,60,,19306,1,4,,1,20,,19307,1,4,,1,20,,19308,1,4,,1,60,,19309,1,4,,1,20,,19310,1,4,,1,20,,19311,1,4,,1,60,,19312,1,4,,1,20,,19313,1,4,,1,20,,19314,1,4,,1,60,,19315,1,4,,1,20,,19316,1,4,,1,20,,19317,1,4,,1,60,,19318,1,4,,1,20,,19319,1,4,,1,20,,19320,1,4,,1,60,,19321,1,4,,1,20,,19322,1,4,,1,20,,19323,1,4,,1,60,,19324,1,4,,1,20,,19325,1,4,,1,20,,19326,1,4,,1,80,,19327,1,4,,1,80,,19328,1,4,,1,40,,19329,1,4,,1,80,,19330,1,4,,1,80,,19331,1,4,,1,40,,19332,1,4,,1,80,,19333,1,4,,1,80,,19334,1,4,,1,40,,19335,1,4,,1
2021930000,'24651',40,,19336,1,4,,1,100,,19337,1,4,,1,100,,19338,1,4,,1,100,,19339,1,4,,1,100,,19340,1,4,,1,110,,19341,1,4,,1,80,,19342,1,4,,1,80,,19343,1,4,,1,40,,19344,1,4,,1,80,,19345,1,4,,1,80,,19346,1,4,,1,40,,19347,1,4,,1,80,,19348,1,4,,1,20,,19349,1,4,,1,60,,19350,1,4,,1,20,,19351,1,4,,1,20,,19352,1,4,,1,60,,19353,1,4,,1,20,,19354,1,4,,1,20,,19355,1,4,,1,60,,19356,1,4,,1,20,,19357,1,4,,1,20,,19358,1,4,,1,60,,19359,1,4,,1,20,,19360,1,4,,1,20,,19361,1,4,,1,60,,19362,1,4,,1,20,,19363,1,4,,1,20,,19364,1,4,,1,60,,19365,1,4,,1,20,,19366,1,4,,1,20,,19367,1,4,,1,60,,19368,1,4,,1,20,,19369,1,4,,1,20,,19370,1,4,,1,80,,19371,1,4,,1,80,,19372,1,4,,1,40,,19373,1,4,,1,80,,19374,1,4,,1,80,,19375,1,4,,1,40,,19376,1,4,,1,80,,19377,1,4,,1,80,,19378,1,4,,1,40,,19379,1,4,,1
2021930000,'24652',40,,19380,1,4,,1,100,,19381,1,4,,1,100,,19382,1,4,,1,100,,19383,1,4,,1,100,,19384,1,4,,1,110,,19385,1,4,,1,80,,19386,1,4,,1,80,,19387,1,4,,1,40,,19388,1,4,,1,80,,19389,1,4,,1,80,,19390,1,4,,1,40,,19391,1,4,,1,80,,19392,1,4,,1,20,,19393,1,4,,1,60,,19394,1,4,,1,20,,19395,1,4,,1,20,,19396,1,4,,1,60,,19397,1,4,,1,20,,19398,1,4,,1,20,,19399,1,4,,1,60,,19400,1,4,,1,20,,19401,1,4,,1,20,,19402,1,4,,1,60,,19403,1,4,,1,20,,19404,1,4,,1,20,,19405,1,4,,1,60,,19406,1,4,,1,20,,19407,1,4,,1,20,,19408,1,4,,1,60,,19409,1,4,,1,20,,19410,1,4,,1,20,,19411,1,4,,1,60,,19412,1,4,,1,20,,19413,1,4,,1,20,,19414,1,4,,1,80,,19415,1,4,,1,80,,19416,1,4,,1,40,,19417,1,4,,1,80,,19418,1,4,,1,80,,19419,1,4,,1,40,,19420,1,4,,1,80,,19421,1,4,,1,80,,19422,1,4,,1,40,,19423,1,4,,1
2021930000,'24653',40,,19424,1,4,,1,100,,19425,1,4,,1,100,,19426,1,4,,1,100,,19427,1,4,,1,100,,19428,1,4,,1,110,,19429,1,4,,1,80,,19430,1,4,,1,80,,19431,1,4,,1,40,,19432,1,4,,1,80,,19433,1,4,,1,80,,19434,1,4,,1,40,,19435,1,4,,1,80,,19436,1,4,,1,20,,19437,1,4,,1,60,,19438,1,4,,1,20,,19439,1,4,,1,20,,19440,1,4,,1,60,,19441,1,4,,1,20,,19442,1,4,,1,20,,19443,1,4,,1,60,,19444,1,4,,1,20,,19445,1,4,,1,20,,19446,1,4,,1,60,,19447,1,4,,1,20,,19448,1,4,,1,20,,19449,1,4,,1,60,,19450,1,4,,1,20,,19451,1,4,,1,20,,19452,1,4,,1,60,,19453,1,4,,1,20,,19454,1,4,,1,20,,19455,1,4,,1,60,,19456,1,4,,1,20,,19457,1,4,,1,20,,19458,1,4,,1,80,,19459,1,4,,1,80,,19460,1,4,,1,40,,19461,1,4,,1,80,,19462,1,4,,1,80,,19463,1,4,,1,40,,19464,1,4,,1,80,,19465,1,4,,1,80,,19466,1,4,,1,40,,19467,1,4,,1
2021930000,'24654',40,,19468,1,4,,1,100,,19469,1,4,,1,100,,19470,1,4,,1,100,,19471,1,4,,1,100,,19472,1,4,,1,100,,19473,1,4,,1,90,,19474,1,4,,1,80,,19475,1,4,,1,40,,19476,1,4,,1,80,,19477,1,4,,1,80,,19478,1,4,,1,40,,19479,1,4,,1,80,,19480,1,4,,1,20,,19481,1,4,,1,60,,19482,1,4,,1,20,,19483,1,4,,1,20,,19484,1,4,,1,60,,19485,1,4,,1,20,,19486,1,4,,1,20,,19487,1,4,,1,60,,19488,1,4,,1,20,,19489,1,4,,1,20,,19490,1,4,,1,60,,19491,1,4,,1,20,,19492,1,4,,1,20,,19493,1,4,,1,60,,19494,1,4,,1,20,,19495,1,4,,1,20,,19496,1,4,,1,60,,19497,1,4,,1,20,,19498,1,4,,1,20,,19499,1,4,,1,60,,19500,1,4,,1,20,,19501,1,4,,1,20,,19502,1,4,,1,80,,19503,1,4,,1,80,,19504,1,4,,1,40,,19505,1,4,,1,80,,19506,1,4,,1,80,,19507,1,4,,1,40,,19508,1,4,,1,80,,19509,1,4,,1,80,,19510,1,4,,1,40,,19511,1,4,,1
2021930001,'23907',0,,19512,0,,,1,100,,19513,0,,,1,100,,19514,0,,,1,100,,19515,0,,,1,100,,19516,0,,,1,100,,19517,0,,,1,100,,19518,0,,,1,40,,19519,0,,,1,80,,19520,0,,,1,80,,19521,0,,,1,40,,19522,0,,,1,80,,19523,0,,,1,20,,19524,0,,,1,60,,19525,0,,,1,20,,19526,0,,,1,20,,19527,0,,,1,60,,19528,0,,,1,20,,19529,0,,,1,20,,19530,0,,,1,60,,19531,0,,,1,20,,19532,0,,,1,20,,19533,0,,,1,60,,19534,0,,,1,20,,19535,0,,,1,20,,19536,0,,,1,60,,19537,0,,,1,20,,19538,0,,,1,20,,19539,0,,,1,60,,19540,0,,,1,20,,19541,0,,,1,20,,19542,0,,,1,60,,19543,0,,,1,20,,19544,0,,,1,20,,19545,0,,,1,60,,19546,0,,,1,20,,19547,0,,,1,20,,19548,0,,,1,60,,19549,0,,,1,20,,19550,0,,,1,20,,19551,0,,,1,60,,19552,0,,,1,20,,19553,0,,,1,20,,19554,0,,,1,60,,19555,0,,,1,40,,19556,0,,,1,80,,19557,0,,,1,80,,19558,0,,,1,40,,19559,0,,,1,80,,19560,0,,,1
2021930001,'23908',0,,19561,0,,,1,100,,19562,0,,,1,100,,19563,0,,,1,100,,19564,0,,,1,100,,19565,0,,,1,100,,19566,0,,,1,100,,19567,0,,,1,40,,19568,0,,,1,80,,19569,0,,,1,20,,19570,0,,,1,60,,19571,0,,,1,20,,19572,0,,,1,20,,19573,0,,,1,80,,19574,0,,,1,20,,19575,0,,,1,60,,19576,0,,,1,20,,19577,0,,,1,20,,19578,0,,,1,60,,19579,0,,,1,20,,19580,0,,,1,20,,19581,0,,,1,60,,19582,0,,,1,20,,19583,0,,,1,20,,19584,0,,,1,60,,19585,0,,,1,20,,19586,0,,,1,20,,19587,0,,,1,60,,19588,0,,,1,20,,19589,0,,,1,20,,19590,0,,,1,60,,19591,0,,,1,20,,19592,0,,,1,20,,19593,0,,,1,60,,19594,0,,,1,20,,19595,0,,,1,20,,19596,0,,,1,60,,19597,0,,,1,20,,19598,0,,,1,20,,19599,0,,,1,60,,19600,0,,,1,20,,19601,0,,,1,20,,19602,0,,,1,60,,19603,0,,,1,20,,19604,0,,,1,20,,19605,0,,,1,60,,19606,0,,,1,40,,19607,0,,,1,80,,19608,0,,,1,80,,19609,0,,,1,40,,19610,0,,,1,80,,19611,0,,,1
2021930001,'23909',0,,19612,0,,,1,100,,19613,0,,,1,100,,19614,0,,,1,100,,19615,0,,,1,100,,19616,0,,,1,100,,19617,0,,,1,100,,19618,0,,,1,40,,19619,0,,,1,80,,19620,0,,,1,20,,19621,0,,,1,60,,19622,0,,,1,20,,19623,0,,,1,20,,19624,0,,,1,80,,19625,0,,,1,20,,19626,0,,,1,60,,19627,0,,,1,20,,19628,0,,,1,20,,19629,0,,,1,60,,19630,0,,,1,20,,19631,0,,,1,20,,19632,0,,,1,60,,19633,0,,,1,20,,19634,0,,,1,20,,19635,0,,,1,60,,19636,0,,,1,20,,19637,0,,,1,20,,19638,0,,,1,60,,19639,0,,,1,20,,19640,0,,,1,20,,19641,0,,,1,60,,19642,0,,,1,20,,19643,0,,,1,20,,19644,0,,,1,60,,19645,0,,,1,20,,19646,0,,,1,20,,19647,0,,,1,60,,19648,0,,,1,20,,19649,0,,,1,20,,19650,0,,,1,60,,19651,0,,,1,20,,19652,0,,,1,20,,19653,0,,,1,60,,19654,0,,,1,20,,19655,0,,,1,20,,19656,0,,,1,60,,19657,0,,,1,40,,19658,0,,,1,80,,19659,0,,,1,80,,19660,0,,,1,40,,19661,0,,,1,80,,19662,0,,,1
2021930001,'23910',0,,19663,0,,,1,100,,19664,0,,,1,100,,19665,0,,,1,100,,19666,0,,,1,100,,19667,0,,,1,100,,19668,0,,,1,100,,19669,0,,,1,40,,19670,0,,,1,80,,19671,0,,,1,20,,19672,0,,,1,60,,19673,0,,,1,20,,19674,0,,,1,20,,19675,0,,,1,80,,19676,0,,,1,20,,19677,0,,,1,60,,19678,0,,,1,20,,19679,0,,,1,20,,19680,0,,,1,60,,19681,0,,,1,20,,19682,0,,,1,20,,19683,0,,,1,60,,19684,0,,,1,20,,19685,0,,,1,20,,19686,0,,,1,60,,19687,0,,,1,20,,19688,0,,,1,20,,19689,0,,,1,60,,19690,0,,,1,20,,19691,0,,,1,20,,19692,0,,,1,60,,19693,0,,,1,20,,19694,0,,,1,20,,19695,0,,,1,60,,19696,0,,,1,20,,19697,0,,,1,20,,19698,0,,,1,60,,19699,0,,,1,20,,19700,0,,,1,20,,19701,0,,,1,60,,19702,0,,,1,20,,19703,0,,,1,20,,19704,0,,,1,60,,19705,0,,,1,20,,19706,0,,,1,20,,19707,0,,,1,60,,19708,0,,,1,40,,19709,0,,,1,80,,19710,0,,,1,80,,19711,0,,,1,40,,19712,0,,,1,80,,19713,0,,,1
2021930001,'23911',0,,19714,0,,,1,100,,19715,0,,,1,100,,19716,0,,,1,100,,19717,0,,,1,100,,19718,0,,,1,100,,19719,0,,,1,100,,19720,0,,,1,40,,19721,0,,,1,80,,19722,0,,,1,20,,19723,0,,,1,60,,19724,0,,,1,20,,19725,0,,,1,20,,19726,0,,,1,80,,19727,0,,,1,20,,19728,0,,,1,60,,19729,0,,,1,20,,19730,0,,,1,20,,19731,0,,,1,60,,19732,0,,,1,20,,19733,0,,,1,20,,19734,0,,,1,60,,19735,0,,,1,20,,19736,0,,,1,20,,19737,0,,,1,60,,19738,0,,,1,20,,19739,0,,,1,20,,19740,0,,,1,60,,19741,0,,,1,20,,19742,0,,,1,20,,19743,0,,,1,60,,19744,0,,,1,20,,19745,0,,,1,20,,19746,0,,,1,60,,19747,0,,,1,20,,19748,0,,,1,20,,19749,0,,,1,60,,19750,0,,,1,20,,19751,0,,,1,20,,19752,0,,,1,60,,19753,0,,,1,20,,19754,0,,,1,20,,19755,0,,,1,60,,19756,0,,,1,20,,19757,0,,,1,20,,19758,0,,,1,60,,19759,0,,,1,40,,19760,0,,,1,80,,19761,0,,,1,80,,19762,0,,,1,40,,19763,0,,,1,80,,19764,0,,,1
2021930001,'23912',0,,19765,0,,,1,100,,19766,0,,,1,100,,19767,0,,,1,100,,19768,0,,,1,100,,19769,0,,,1,100,,19770,0,,,1,100,,19771,0,,,1,40,,19772,0,,,1,80,,19773,0,,,1,20,,19774,0,,,1,60,,19775,0,,,1,20,,19776,0,,,1,20,,19777,0,,,1,80,,19778,0,,,1,20,,19779,0,,,1,60,,19780,0,,,1,20,,19781,0,,,1,20,,19782,0,,,1,60,,19783,0,,,1,20,,19784,0,,,1,20,,19785,0,,,1,60,,19786,0,,,1,20,,19787,0,,,1,20,,19788,0,,,1,60,,19789,0,,,1,20,,19790,0,,,1,20,,19791,0,,,1,60,,19792,0,,,1,20,,19793,0,,,1,20,,19794,0,,,1,60,,19795,0,,,1,20,,19796,0,,,1,20,,19797,0,,,1,60,,19798,0,,,1,20,,19799,0,,,1,20,,19800,0,,,1,60,,19801,0,,,1,20,,19802,0,,,1,20,,19803,0,,,1,60,,19804,0,,,1,20,,19805,0,,,1,20,,19806,0,,,1,60,,19807,0,,,1,20,,19808,0,,,1,20,,19809,0,,,1,60,,19810,0,,,1,40,,19811,0,,,1,80,,19812,0,,,1,80,,19813,0,,,1,40,,19814,0,,,1,80,,19815,0,,,1
2021930001,'23913',0,,19816,0,,,1,100,,19817,0,,,1,100,,19818,0,,,1,100,,19819,0,,,1,100,,19820,0,,,1,100,,19821,0,,,1,100,,19822,0,,,1,40,,19823,0,,,1,80,,19824,0,,,1,80,,19825,0,,,1,40,,19826,0,,,1,80,,19827,0,,,1,20,,19828,0,,,1,60,,19829,0,,,1,20,,19830,0,,,1,20,,19831,0,,,1,60,,19832,0,,,1,20,,19833,0,,,1,20,,19834,0,,,1,60,,19835,0,,,1,20,,19836,0,,,1,20,,19837,0,,,1,60,,19838,0,,,1,20,,19839,0,,,1,20,,19840,0,,,1,60,,19841,0,,,1,20,,19842,0,,,1,20,,19843,0,,,1,60,,19844,0,,,1,20,,19845,0,,,1,20,,19846,0,,,1,60,,19847,0,,,1,20,,19848,0,,,1,20,,19849,0,,,1,60,,19850,0,,,1,20,,19851,0,,,1,20,,19852,0,,,1,60,,19853,0,,,1,20,,19854,0,,,1,20,,19855,0,,,1,60,,19856,0,,,1,20,,19857,0,,,1,20,,19858,0,,,1,60,,19859,0,,,1,40,,19860,0,,,1,80,,19861,0,,,1,80,,19862,0,,,1,40,,19863,0,,,1,80,,19864,0,,,1
2021930001,'24607',0,,19865,0,,,1,100,,19866,0,,,1,100,,19867,0,,,1,100,,19868,0,,,1,100,,19869,0,,,1,100,,19870,0,,,1,100,,19871,0,,,1,40,,19872,0,,,1,80,,19873,0,,,1,20,,19874,0,,,1,60,,19875,0,,,1,20,,19876,0,,,1,20,,19877,0,,,1,60,,19878,0,,,1,20,,19879,0,,,1,20,,19880,0,,,1,60,,19881,0,,,1,20,,19882,0,,,1,20,,19883,0,,,1,60,,19884,0,,,1,20,,19885,0,,,1,20,,19886,0,,,1,60,,19887,0,,,1,20,,19888,0,,,1,20,,19889,0,,,1,60,,19890,0,,,1,20,,19891,0,,,1,20,,19892,0,,,1,60,,19893,0,,,1,20,,19894,0,,,1,20,,19895,0,,,1,60,,19896,0,,,1,20,,19897,0,,,1,20,,19898,0,,,1,60,,19899,0,,,1,20,,19900,0,,,1,20,,19901,0,,,1,60,,19902,0,,,1,20,,19903,0,,,1,20,,19904,0,,,1,60,,19905,0,,,1,20,,19906,0,,,1,20,,19907,0,,,1,60,,19908,0,,,1,20,,19909,0,,,1,20,,19910,0,,,1,60,,19911,0,,,1,40,,19912,0,,,1,80,,19913,0,,,1,80,,19914,0,,,1,40,,19915,0,,,1,80,,19916,0,,,1
2021930001,'24608',0,,19917,0,,,1,100,,19918,0,,,1,100,,19919,0,,,1,100,,19920,0,,,1,100,,19921,0,,,1,100,,19922,0,,,1,100,,19923,0,,,1,40,,19924,0,,,1,80,,19925,0,,,1,20,,19926,0,,,1,60,,19927,0,,,1,20,,19928,0,,,1,20,,19929,0,,,1,60,,19930,0,,,1,20,,19931,0,,,1,20,,19932,0,,,1,60,,19933,0,,,1,20,,19934,0,,,1,20,,19935,0,,,1,60,,19936,0,,,1,20,,19937,0,,,1,20,,19938,0,,,1,60,,19939,0,,,1,20,,19940,0,,,1,20,,19941,0,,,1,60,,19942,0,,,1,20,,19943,0,,,1,20,,19944,0,,,1,60,,19945,0,,,1,20,,19946,0,,,1,20,,19947,0,,,1,60,,19948,0,,,1,20,,19949,0,,,1,20,,19950,0,,,1,60,,19951,0,,,1,20,,19952,0,,,1,20,,19953,0,,,1,60,,19954,0,,,1,20,,19955,0,,,1,20,,19956,0,,,1,60,,19957,0,,,1,20,,19958,0,,,1,20,,19959,0,,,1,60,,19960,0,,,1,20,,19961,0,,,1,20,,19962,0,,,1,60,,19963,0,,,1,40,,19964,0,,,1,80,,19965,0,,,1,80,,19966,0,,,1,40,,19967,0,,,1,80,,19968,0,,,1
2021930001,'24609',0,,19969,0,,,1,100,,19970,0,,,1,100,,19971,0,,,1,100,,19972,0,,,1,100,,19973,0,,,1,100,,19974,0,,,1,100,,19975,0,,,1,40,,19976,0,,,1,80,,19977,0,,,1,20,,19978,0,,,1,60,,19979,0,,,1,20,,19980,0,,,1,20,,19981,0,,,1,60,,19982,0,,,1,20,,19983,0,,,1,20,,19984,0,,,1,60,,19985,0,,,1,20,,19986,0,,,1,20,,19987,0,,,1,60,,19988,0,,,1,20,,19989,0,,,1,20,,19990,0,,,1,60,,19991,0,,,1,20,,19992,0,,,1,20,,19993,0,,,1,60,,19994,0,,,1,20,,19995,0,,,1,20,,19996,0,,,1,60,,19997,0,,,1,20,,19998,0,,,1,20,,19999,0,,,1,60,,20000,0,,,1,20,,20001,0,,,1,20,,20002,0,,,1,60,,20003,0,,,1,20,,20004,0,,,1,20,,20005,0,,,1,60,,20006,0,,,1,20,,20007,0,,,1,20,,20008,0,,,1,60,,20009,0,,,1,20,,20010,0,,,1,20,,20011,0,,,1,60,,20012,0,,,1,20,,20013,0,,,1,20,,20014,0,,,1,60,,20015,0,,,1,40,,20016,0,,,1,80,,20017,0,,,1,80,,20018,0,,,1,40,,20019,0,,,1,80,,20020,0,,,1
2021930001,'24610',0,,20021,0,,,1,100,,20022,0,,,1,100,,20023,0,,,1,100,,20024,0,,,1,100,,20025,0,,,1,100,,20026,0,,,1,100,,20027,0,,,1,40,,20028,0,,,1,80,,20029,0,,,1,20,,20030,0,,,1,60,,20031,0,,,1,20,,20032,0,,,1,20,,20033,0,,,1,60,,20034,0,,,1,20,,20035,0,,,1,20,,20036,0,,,1,60,,20037,0,,,1,20,,20038,0,,,1,20,,20039,0,,,1,60,,20040,0,,,1,20,,20041,0,,,1,20,,20042,0,,,1,60,,20043,0,,,1,20,,20044,0,,,1,20,,20045,0,,,1,60,,20046,0,,,1,20,,20047,0,,,1,20,,20048,0,,,1,60,,20049,0,,,1,20,,20050,0,,,1,20,,20051,0,,,1,60,,20052,0,,,1,20,,20053,0,,,1,20,,20054,0,,,1,60,,20055,0,,,1,20,,20056,0,,,1,20,,20057,0,,,1,60,,20058,0,,,1,20,,20059,0,,,1,20,,20060,0,,,1,60,,20061,0,,,1,20,,20062,0,,,1,20,,20063,0,,,1,60,,20064,0,,,1,20,,20065,0,,,1,20,,20066,0,,,1,60,,20067,0,,,1,40,,20068,0,,,1,80,,20069,0,,,1,80,,20070,0,,,1,40,,20071,0,,,1,80,,20072,0,,,1
2021930001,'24611',0,,20073,0,,,1,100,,20074,0,,,1,100,,20075,0,,,1,100,,20076,0,,,1,100,,20077,0,,,1,100,,20078,0,,,1,100,,20079,0,,,1,40,,20080,0,,,1,80,,20081,0,,,1,20,,20082,0,,,1,60,,20083,0,,,1,20,,20084,0,,,1,20,,20085,0,,,1,60,,20086,0,,,1,20,,20087,0,,,1,20,,20088,0,,,1,60,,20089,0,,,1,20,,20090,0,,,1,20,,20091,0,,,1,60,,20092,0,,,1,20,,20093,0,,,1,20,,20094,0,,,1,60,,20095,0,,,1,20,,20096,0,,,1,20,,20097,0,,,1,60,,20098,0,,,1,20,,20099,0,,,1,20,,20100,0,,,1,60,,20101,0,,,1,20,,20102,0,,,1,20,,20103,0,,,1,60,,20104,0,,,1,20,,20105,0,,,1,20,,20106,0,,,1,60,,20107,0,,,1,20,,20108,0,,,1,20,,20109,0,,,1,60,,20110,0,,,1,20,,20111,0,,,1,20,,20112,0,,,1,60,,20113,0,,,1,20,,20114,0,,,1,20,,20115,0,,,1,60,,20116,0,,,1,20,,20117,0,,,1,20,,20118,0,,,1,60,,20119,0,,,1,40,,20120,0,,,1,80,,20121,0,,,1,80,,20122,0,,,1,40,,20123,0,,,1,80,,20124,0,,,1
2021930001,'24612',0,,20125,0,,,1,100,,20126,0,,,1,100,,20127,0,,,1,100,,20128,0,,,1,100,,20129,0,,,1,100,,20130,0,,,1,100,,20131,0,,,1,40,,20132,0,,,1,80,,20133,0,,,1,20,,20134,0,,,1,60,,20135,0,,,1,20,,20136,0,,,1,20,,20137,0,,,1,60,,20138,0,,,1,20,,20139,0,,,1,20,,20140,0,,,1,60,,20141,0,,,1,20,,20142,0,,,1,20,,20143,0,,,1,60,,20144,0,,,1,20,,20145,0,,,1,20,,20146,0,,,1,60,,20147,0,,,1,20,,20148,0,,,1,20,,20149,0,,,1,60,,20150,0,,,1,20,,20151,0,,,1,20,,20152,0,,,1,60,,20153,0,,,1,20,,20154,0,,,1,20,,20155,0,,,1,60,,20156,0,,,1,20,,20157,0,,,1,20,,20158,0,,,1,60,,20159,0,,,1,20,,20160,0,,,1,20,,20161,0,,,1,60,,20162,0,,,1,20,,20163,0,,,1,20,,20164,0,,,1,60,,20165,0,,,1,20,,20166,0,,,1,20,,20167,0,,,1,60,,20168,0,,,1,20,,20169,0,,,1,20,,20170,0,,,1,60,,20171,0,,,1,40,,20172,0,,,1,80,,20173,0,,,1,80,,20174,0,,,1,40,,20175,0,,,1,80,,20176,0,,,1
2021930001,'24613',0,,20177,0,,,1,100,,20178,0,,,1,100,,20179,0,,,1,100,,20180,0,,,1,100,,20181,0,,,1,100,,20182,0,,,1,100,,20183,0,,,1,40,,20184,0,,,1,80,,20185,0,,,1,20,,20186,0,,,1,60,,20187,0,,,1,20,,20188,0,,,1,20,,20189,0,,,1,60,,20190,0,,,1,20,,20191,0,,,1,20,,20192,0,,,1,60,,20193,0,,,1,20,,20194,0,,,1,20,,20195,0,,,1,60,,20196,0,,,1,20,,20197,0,,,1,20,,20198,0,,,1,60,,20199,0,,,1,20,,20200,0,,,1,20,,20201,0,,,1,60,,20202,0,,,1,20,,20203,0,,,1,20,,20204,0,,,1,60,,20205,0,,,1,20,,20206,0,,,1,20,,20207,0,,,1,60,,20208,0,,,1,20,,20209,0,,,1,20,,20210,0,,,1,60,,20211,0,,,1,20,,20212,0,,,1,20,,20213,0,,,1,60,,20214,0,,,1,20,,20215,0,,,1,20,,20216,0,,,1,60,,20217,0,,,1,20,,20218,0,,,1,20,,20219,0,,,1,60,,20220,0,,,1,20,,20221,0,,,1,20,,20222,0,,,1,60,,20223,0,,,1,40,,20224,0,,,1,80,,20225,0,,,1,80,,20226,0,,,1,40,,20227,0,,,1,80,,20228,0,,,1
2021930001,'24643',0,,20229,0,,,1,100,,20230,0,,,1,100,,20231,0,,,1,100,,20232,0,,,1,100,,20233,0,,,1,100,,20234,0,,,1,100,,20235,0,,,1,40,,20236,0,,,1,80,,20237,0,,,1,80,,20238,0,,,1,40,,20239,0,,,1,80,,20240,0,,,1,80,,20241,0,,,1,20,,20242,0,,,1,20,,20243,0,,,1,60,,20244,0,,,1,20,,20245,0,,,1,20,,20246,0,,,1,60,,20247,0,,,1,20,,20248,0,,,1,20,,20249,0,,,1,60,,20250,0,,,1,20,,20251,0,,,1,20,,20252,0,,,1,60,,20253,0,,,1,20,,20254,0,,,1,20,,20255,0,,,1,60,,20256,0,,,1,20,,20257,0,,,1,20,,20258,0,,,1,60,,20259,0,,,1,20,,20260,0,,,1,20,,20261,0,,,1,60,,20262,0,,,1,20,,20263,0,,,1,80,,20264,0,,,1,40,,20265,0,,,1,80,,20266,0,,,1,80,,20267,0,,,1,40,,20268,0,,,1,80,,20269,0,,,1,80,,20270,0,,,1,40,,20271,0,,,1,80,,20272,0,,,1
2021930001,'24644',0,,20273,0,,,1,100,,20274,0,,,1,100,,20275,0,,,1,100,,20276,0,,,1,100,,20277,0,,,1,100,,20278,0,,,1,100,,20279,0,,,1,40,,20280,0,,,1,80,,20281,0,,,1,80,,20282,0,,,1,40,,20283,0,,,1,80,,20284,0,,,1,80,,20285,0,,,1,20,,20286,0,,,1,20,,20287,0,,,1,60,,20288,0,,,1,20,,20289,0,,,1,20,,20290,0,,,1,60,,20291,0,,,1,20,,20292,0,,,1,20,,20293,0,,,1,60,,20294,0,,,1,20,,20295,0,,,1,20,,20296,0,,,1,60,,20297,0,,,1,20,,20298,0,,,1,20,,20299,0,,,1,60,,20300,0,,,1,20,,20301,0,,,1,20,,20302,0,,,1,60,,20303,0,,,1,20,,20304,0,,,1,20,,20305,0,,,1,60,,20306,0,,,1,20,,20307,0,,,1,80,,20308,0,,,1,40,,20309,0,,,1,80,,20310,0,,,1,80,,20311,0,,,1,40,,20312,0,,,1,80,,20313,0,,,1,80,,20314,0,,,1,40,,20315,0,,,1,80,,20316,0,,,1
2021930001,'24645',0,,20317,0,,,1,100,,20318,0,,,1,100,,20319,0,,,1,100,,20320,0,,,1,100,,20321,0,,,1,100,,20322,0,,,1,100,,20323,0,,,1,40,,20324,0,,,1,80,,20325,0,,,1,80,,20326,0,,,1,40,,20327,0,,,1,80,,20328,0,,,1,80,,20329,0,,,1,20,,20330,0,,,1,20,,20331,0,,,1,60,,20332,0,,,1,20,,20333,0,,,1,20,,20334,0,,,1,60,,20335,0,,,1,20,,20336,0,,,1,20,,20337,0,,,1,60,,20338,0,,,1,20,,20339,0,,,1,20,,20340,0,,,1,60,,20341,0,,,1,20,,20342,0,,,1,20,,20343,0,,,1,60,,20344,0,,,1,20,,20345,0,,,1,20,,20346,0,,,1,60,,20347,0,,,1,20,,20348,0,,,1,20,,20349,0,,,1,60,,20350,0,,,1,20,,20351,0,,,1,80,,20352,0,,,1,40,,20353,0,,,1,80,,20354,0,,,1,80,,20355,0,,,1,40,,20356,0,,,1,80,,20357,0,,,1,80,,20358,0,,,1,40,,20359,0,,,1,80,,20360,0,,,1
2021930001,'24646',0,,20361,0,,,1,100,,20362,0,,,1,100,,20363,0,,,1,100,,20364,0,,,1,100,,20365,0,,,1,100,,20366,0,,,1,100,,20367,0,,,1,40,,20368,0,,,1,80,,20369,0,,,1,80,,20370,0,,,1,40,,20371,0,,,1,80,,20372,0,,,1,80,,20373,0,,,1,20,,20374,0,,,1,20,,20375,0,,,1,60,,20376,0,,,1,20,,20377,0,,,1,20,,20378,0,,,1,60,,20379,0,,,1,20,,20380,0,,,1,20,,20381,0,,,1,60,,20382,0,,,1,20,,20383,0,,,1,20,,20384,0,,,1,60,,20385,0,,,1,20,,20386,0,,,1,20,,20387,0,,,1,60,,20388,0,,,1,20,,20389,0,,,1,20,,20390,0,,,1,60,,20391,0,,,1,20,,20392,0,,,1,20,,20393,0,,,1,60,,20394,0,,,1,20,,20395,0,,,1,80,,20396,0,,,1,40,,20397,0,,,1,80,,20398,0,,,1,80,,20399,0,,,1,40,,20400,0,,,1,80,,20401,0,,,1,80,,20402,0,,,1,40,,20403,0,,,1,80,,20404,0,,,1
2021930001,'24647',0,,20405,0,,,1,100,,20406,0,,,1,100,,20407,0,,,1,100,,20408,0,,,1,100,,20409,0,,,1,100,,20410,0,,,1,100,,20411,0,,,1,40,,20412,0,,,1,80,,20413,0,,,1,80,,20414,0,,,1,40,,20415,0,,,1,80,,20416,0,,,1,80,,20417,0,,,1,20,,20418,0,,,1,20,,20419,0,,,1,60,,20420,0,,,1,20,,20421,0,,,1,20,,20422,0,,,1,60,,20423,0,,,1,20,,20424,0,,,1,20,,20425,0,,,1,60,,20426,0,,,1,20,,20427,0,,,1,20,,20428,0,,,1,60,,20429,0,,,1,20,,20430,0,,,1,20,,20431,0,,,1,60,,20432,0,,,1,20,,20433,0,,,1,20,,20434,0,,,1,60,,20435,0,,,1,20,,20436,0,,,1,20,,20437,0,,,1,60,,20438,0,,,1,20,,20439,0,,,1,80,,20440,0,,,1,40,,20441,0,,,1,80,,20442,0,,,1,80,,20443,0,,,1,40,,20444,0,,,1,80,,20445,0,,,1,80,,20446,0,,,1,40,,20447,0,,,1,80,,20448,0,,,1
