132370000,'24193',1330,,811,1,4,,1
132370000,'24195',1930,,812,1,4,,1
132370000,'24197',1330,,813,1,4,,1
132370000,'24198',1330,,814,1,4,,1
132370000,'24206',1930,,815,1,4,,1
132370000,'24207',1930,,816,1,4,,1
132370000,'24208',1930,,817,1,4,,1
132370000,'24209',1330,,818,1,4,,1
132370000,'24210',1930,,819,1,4,,1
132370000,'24211',1930,,820,1,4,,1
132370000,'24223',1930,,821,1,4,,1
132370000,'24225',1330,,822,1,4,,1
132370000,'24226',1330,,823,1,4,,1
132370000,'24234',1930,,824,1,4,,1
132370000,'24235',1930,,825,1,4,,1
132370000,'24236',1930,,826,1,4,,1
132370000,'24238',1930,,827,1,4,,1
132370000,'24239',1930,,828,1,4,,1
132370001,'24186',800,,853,0,0,5,1
132370001,'24188',1400,,854,0,0,5,1
132370001,'24190',800,,855,0,0,5,1
132370001,'24191',800,,856,0,0,5,1
132370001,'24199',1400,,857,0,0,6,1
132370001,'24200',1400,,858,0,0,6,1
132370001,'24201',800,,859,0,0,6,1
132370001,'24202',800,,860,0,0,6,1
132370001,'24203',800,,861,0,0,6,1
132370001,'24204',1400,,862,0,0,6,1
132370001,'24216',800,,863,0,0,5,1
132370001,'24218',800,,864,0,0,5,1
132370001,'24219',800,,865,0,0,5,1
132370001,'24227',1400,,866,0,0,6,1
132370001,'24228',800,,867,0,0,6,1
132370001,'24229',800,,868,0,0,6,1
132370001,'24231',800,,869,0,0,6,1
132370001,'24232',1400,,870,0,0,6,1
