905000,90500000,'14813',1,2
905000,90500000,'14814',3,4
905000,90500000,'14815',5,6
905000,90500000,'14816',7,8
905000,90500000,'14817',9,10
905000,90500000,'14818',11,12
905000,90500001,'14806',13,14
905000,90500001,'14807',15,16
905000,90500001,'14808',17,18
905000,90500001,'14809',19,20
905000,90500001,'14810',21,22
905000,90500001,'14811',23,24
922000,92200000,'23566',229
922000,92200000,'23567',230,231
922000,92200000,'23568',232,233
922000,92200000,'23569',234,235
922000,92200000,'23570',236,237,238
922000,92200000,'23571',239,240,241
922000,92200000,'23572',242,243,244
922000,92200000,'23573',245,246,247
922000,92200000,'23574',248,249,250
922000,92200000,'23575',251,252,253
922000,92200000,'23576',254,255,256,257
922000,92200000,'23577',258,259
922000,92200000,'23578',260
922000,92200000,'23579',261
922000,92200000,'23580',262,263
922000,92200000,'23581',264,265
922000,92200000,'23582',266,267
922000,92200000,'23583',268,269,270
922000,92200000,'23584',271,272,273
922000,92200000,'23585',274,275,276
922000,92200000,'23586',277,278,279
922000,92200000,'23587',280,281,282
922000,92200000,'23588',283,284,285
922000,92200000,'23589',286,287,288
922000,92200000,'23590',289,290,291
922000,92200000,'23591',292,293
922000,92200000,'23592',294,295
922000,92200000,'23593',296
922000,92200000,'23595',297
922000,92200000,'23596',298,299
922000,92200000,'23597',300,301,302
922000,92200000,'23598',303,304,305
922000,92200000,'23599',306,307,308
922000,92200000,'23600',309,310,311
922000,92200000,'23601',312,313,314
922000,92200000,'23602',315,316,317
922000,92200000,'23603',318,319,320
922000,92200000,'23604',321,322,323
922000,92200000,'23605',324,325,326
922000,92200000,'23606',327,328,329,330
922000,92200000,'23607',331,332,333
922000,92200000,'23608',334,335,336
922000,92200000,'23609',337,338
922000,92200000,'23610',339,340
922000,92200000,'23611',341,342,343
922000,92200000,'23612',344,345,346
922000,92200000,'23613',347,348,349
922000,92200000,'23614',350,351,352
922000,92200000,'23615',353,354,355
922000,92200000,'23616',356,357,358
922000,92200000,'23617',359,360,361
922000,92200000,'23618',362,363,364
922000,92200000,'23619',365,366,367
922000,92200000,'23620',368,369
922000,92200000,'23621',370,371
922000,92200000,'23622',372,373
922000,92200000,'23623',374,375
922000,92200000,'23624',376,377,378
922000,92200000,'23625',379,380
922000,92200000,'23626',381,382,383,384
922000,92200000,'23627',385,386,387
922000,92200000,'23628',388,389,390
922000,92200000,'23629',391,392,393
922000,92200000,'23630',394,395,396
922000,92200000,'23631',397,398,399
922000,92200000,'23632',400,401,402
922000,92200000,'23633',403,404,405
922000,92200000,'23634',406,407,408
922000,92200001,'23810',617
922000,92200001,'23811',618,619
922000,92200001,'23812',620,621
922000,92200001,'23813',622,623
922000,92200001,'23814',624,625,626
922000,92200001,'23815',627,628,629
922000,92200001,'23816',630,631,632
922000,92200001,'23817',633,634,635
922000,92200001,'23818',636,637,638
922000,92200001,'23819',639,640,641
922000,92200001,'23820',642,643,644,645
922000,92200001,'23821',646,647
922000,92200001,'23822',648
922000,92200001,'23823',649
922000,92200001,'23824',650,651,652
922000,92200001,'23825',653,654
922000,92200001,'23826',655,656
922000,92200001,'23827',657,658,659
922000,92200001,'23828',660,661,662
922000,92200001,'23829',663,664,665
922000,92200001,'23830',666,667,668
922000,92200001,'23831',669,670,671
922000,92200001,'23832',672,673,674
922000,92200001,'23833',675,676,677
922000,92200001,'23834',678,679,680
922000,92200001,'23835',681,682
922000,92200001,'23836',683,684
922000,92200001,'23837',685
922000,92200001,'23839',686
922000,92200001,'23840',687,688
922000,92200001,'23841',689,690,691
922000,92200001,'23842',692,693,694
922000,92200001,'23843',695,696,697
922000,92200001,'23844',698,699,700
922000,92200001,'23845',701,702,703
922000,92200001,'23846',704,705,706
922000,92200001,'23847',707,708,709
922000,92200001,'23848',710,711,712
922000,92200001,'23849',713,714,715
922000,92200001,'23850',716,717,718,719
922000,92200001,'23851',720,721,722
922000,92200001,'23852',723,724,725
922000,92200001,'23853',726,727
922000,92200001,'23854',728,729
922000,92200001,'23855',730,731,732
922000,92200001,'23856',733,734,735
922000,92200001,'23857',736,737,738
922000,92200001,'23858',739,740,741
922000,92200001,'23859',742,743,744
922000,92200001,'23860',745,746,747
922000,92200001,'23861',748,749,750
922000,92200001,'23862',751,752,753
922000,92200001,'23863',754,755,756
922000,92200001,'23864',757,758
922000,92200001,'23865',759,760
922000,92200001,'23866',761,762
922000,92200001,'23867',763,764
922000,92200001,'23868',765,766,767
922000,92200001,'23869',768,769
922000,92200001,'23870',770,771,772
922000,92200001,'23871',773,774,775
922000,92200001,'23872',776,777,778
922000,92200001,'23873',779,780,781
922000,92200001,'23874',782,783,784
922000,92200001,'23875',785,786,787
922000,92200001,'23876',788,789,790
922000,92200001,'23877',791,792,793
922000,92200001,'23878',794,795,796
1323700,132370000,'24193',811
1323700,132370000,'24195',812
1323700,132370000,'24197',813
1323700,132370000,'24198',814
1323700,132370000,'24206',815
1323700,132370000,'24207',816
1323700,132370000,'24208',817
1323700,132370000,'24209',818
1323700,132370000,'24210',819
1323700,132370000,'24211',820
1323700,132370000,'24223',821
1323700,132370000,'24225',822
1323700,132370000,'24226',823
1323700,132370000,'24234',824
1323700,132370000,'24235',825
1323700,132370000,'24236',826
1323700,132370000,'24238',827
1323700,132370000,'24239',828
1323700,132370001,'24186',853
1323700,132370001,'24188',854
1323700,132370001,'24190',855
1323700,132370001,'24191',856
1323700,132370001,'24199',857
1323700,132370001,'24200',858
1323700,132370001,'24201',859
1323700,132370001,'24202',860
1323700,132370001,'24203',861
1323700,132370001,'24204',862
1323700,132370001,'24216',863
1323700,132370001,'24218',864
1323700,132370001,'24219',865
1323700,132370001,'24227',866
1323700,132370001,'24228',867
1323700,132370001,'24229',868
1323700,132370001,'24231',869
1323700,132370001,'24232',870
1712000,171200000,'22748',12949,12950,12951,12952,12953,12954,12955,12956,12957,12958,12959,12960,12961,12962,12963,12964,12965,12966,12967,12968,12969,12970,12971,12972,12973,12974,12975,12976,12977
1712000,171200000,'22749',12978,12979,12980,12981,12982,12983,12984,12985,12986,12987,12988,12989,12990,12991,12992,12993,12994,12995,12996,12997,12998,12999,13000,13001,13002,13003,13004,13005,13006,13007,13008,13009
1712000,171200000,'22750',13010,13011,13012,13013,13014,13015,13016,13017,13018,13019,13020,13021,13022,13023,13024,13025,13026,13027,13028,13029,13030,13031,13032,13033,13034,13035,13036,13037,13038,13039,13040,13041
1712000,171200000,'22751',13042,13043,13044,13045,13046,13047,13048,13049,13050,13051,13052,13053,13054,13055,13056,13057,13058,13059,13060,13061,13062,13063,13064,13065,13066,13067,13068,13069,13070,13071,13072,13073
1712000,171200000,'22752',13074,13075,13076,13077,13078,13079,13080,13081,13082,13083,13084,13085,13086,13087,13088,13089,13090,13091,13092,13093,13094,13095,13096,13097,13098,13099,13100,13101,13102,13103,13104,13105
1712000,171200000,'22753',13106,13107,13108,13109,13110,13111,13112,13113,13114,13115,13116,13117,13118,13119,13120,13121,13122,13123,13124,13125,13126,13127,13128,13129,13130,13131,13132,13133,13134,13135,13136,13137
1712000,171200000,'22754',13138,13139,13140,13141,13142,13143,13144,13145,13146,13147,13148,13149,13150,13151,13152,13153,13154,13155,13156,13157,13158,13159,13160,13161,13162,13163,13164,13165,13166,13167,13168,13169
1712000,171200000,'22792',1726,1727,1728,1729,1730,1731,1732,1733,1734,1735,1736,1737,1738,1739,1740,1741,1742,1743,1744,1745,1746,1747,1748,1749,1750,1751,1752,1753,1754,1755,1756
1712000,171200000,'22794',1757,1758,1759,1760,1761,1762,1763,1764,1765,1766,1767,1768,1769,1770,1771,1772,1773,1774,1775,1776,1777,1778,1779,1780,1781,1782,1783,1784,1785,1786,1787
1712000,171200000,'24544',13170,13171,13172,13173,13174,13175,13176,13177,13178,13179,13180,13181,13182,13183,13184,13185,13186,13187,13188,13189,13190,13191,13192,13193,13194,13195,13196,13197,13198
1712000,171200000,'24545',13199,13200,13201,13202,13203,13204,13205,13206,13207,13208,13209,13210,13211,13212,13213,13214,13215,13216,13217,13218,13219,13220,13221,13222,13223,13224,13225,13226,13227,13228,13229,13230
1712000,171200000,'24546',13231,13232,13233,13234,13235,13236,13237,13238,13239,13240,13241,13242,13243,13244,13245,13246,13247,13248,13249,13250,13251,13252,13253,13254,13255,13256,13257,13258,13259,13260,13261,13262
1712000,171200000,'24547',13263,13264,13265,13266,13267,13268,13269,13270,13271,13272,13273,13274,13275,13276,13277,13278,13279,13280,13281,13282,13283,13284,13285,13286,13287,13288,13289,13290,13291,13292,13293,13294
1712000,171200000,'24548',13295,13296,13297,13298,13299,13300,13301,13302,13303,13304,13305,13306,13307,13308,13309,13310,13311,13312,13313,13314,13315,13316,13317,13318,13319,13320,13321,13322,13323,13324,13325,13326
1712000,171200000,'24549',13327,13328,13329,13330,13331,13332,13333,13334,13335,13336,13337,13338,13339,13340,13341,13342,13343,13344,13345,13346,13347,13348,13349,13350,13351,13352,13353,13354,13355,13356,13357,13358
1712000,171200000,'24550',13359,13360,13361,13362,13363,13364,13365,13366,13367,13368,13369,13370,13371,13372,13373,13374,13375,13376,13377,13378,13379,13380,13381,13382,13383,13384,13385,13386,13387,13388,13389,13390
1712000,171200000,'24666',18197,18198,18199,18200,18201,18202,18203,18204,18205,18206,18207,18208,18209,18210,18211,18212,18213,18214,18215,18216,18217,18218,18219,18220,18221,18222,18223,18224,18225,18226,18227
1712000,171200000,'24668',18228,18229,18230,18231,18232,18233,18234,18235,18236,18237,18238,18239,18240,18241,18242,18243,18244,18245,18246,18247,18248,18249,18250,18251,18252,18253,18254,18255,18256,18257,18258
1712000,171200000,'24670',18259,18260,18261,18262,18263,18264,18265,18266,18267,18268,18269,18270,18271,18272,18273,18274,18275,18276,18277,18278,18279,18280,18281,18282,18283,18284,18285,18286,18287,18288,18289
1712000,171200000,'24672',18290,18291,18292,18293,18294,18295,18296,18297,18298,18299,18300,18301,18302,18303,18304,18305,18306,18307,18308,18309,18310,18311,18312,18313,18314,18315,18316,18317,18318,18319,18320
1712000,171200000,'24674',18321,18322,18323,18324,18325,18326,18327,18328,18329,18330,18331,18332,18333,18334,18335,18336,18337,18338,18339,18340,18341,18342,18343,18344,18345,18346,18347,18348,18349,18350,18351
1712000,171200000,'24676',18352,18353,18354,18355,18356,18357,18358,18359,18360,18361,18362,18363,18364,18365,18366,18367,18368,18369,18370,18371,18372,18373,18374,18375,18376,18377,18378,18379,18380,18381,18382
1712000,171200001,'22741',13864,13865,13866,13867,13868,13869,13870,13871,13872,13873,13874,13875,13876,13877,13878,13879,13880,13881,13882,13883,13884,13885,13886,13887,13888,13889,13890,13891,13892
1712000,171200001,'22742',13893,13894,13895,13896,13897,13898,13899,13900,13901,13902,13903,13904,13905,13906,13907,13908,13909,13910,13911,13912,13913,13914,13915,13916,13917,13918,13919,13920,13921,13922,13923,13924,13925
1712000,171200001,'22743',13926,13927,13928,13929,13930,13931,13932,13933,13934,13935,13936,13937,13938,13939,13940,13941,13942,13943,13944,13945,13946,13947,13948,13949,13950,13951,13952,13953,13954,13955,13956,13957,13958
1712000,171200001,'22744',13959,13960,13961,13962,13963,13964,13965,13966,13967,13968,13969,13970,13971,13972,13973,13974,13975,13976,13977,13978,13979,13980,13981,13982,13983,13984,13985,13986,13987,13988,13989,13990,13991
1712000,171200001,'22745',13992,13993,13994,13995,13996,13997,13998,13999,14000,14001,14002,14003,14004,14005,14006,14007,14008,14009,14010,14011,14012,14013,14014,14015,14016,14017,14018,14019,14020,14021,14022,14023,14024
1712000,171200001,'22746',14025,14026,14027,14028,14029,14030,14031,14032,14033,14034,14035,14036,14037,14038,14039,14040,14041,14042,14043,14044,14045,14046,14047,14048,14049,14050,14051,14052,14053,14054,14055,14056,14057
1712000,171200001,'22747',14058,14059,14060,14061,14062,14063,14064,14065,14066,14067,14068,14069,14070,14071,14072,14073,14074,14075,14076,14077,14078,14079,14080,14081,14082,14083,14084,14085,14086,14087,14088,14089
1712000,171200001,'22791',2657,2658,2659,2660,2661,2662,2663,2664,2665,2666,2667,2668,2669,2670,2671,2672,2673,2674,2675,2676,2677,2678,2679,2680,2681,2682,2683,2684,2685,2686,2687,2688
1712000,171200001,'22793',2689,2690,2691,2692,2693,2694,2695,2696,2697,2698,2699,2700,2701,2702,2703,2704,2705,2706,2707,2708,2709,2710,2711,2712,2713,2714,2715,2716,2717,2718,2719,2720
1712000,171200001,'24537',14090,14091,14092,14093,14094,14095,14096,14097,14098,14099,14100,14101,14102,14103,14104,14105,14106,14107,14108,14109,14110,14111,14112,14113,14114,14115,14116,14117,14118
1712000,171200001,'24538',14119,14120,14121,14122,14123,14124,14125,14126,14127,14128,14129,14130,14131,14132,14133,14134,14135,14136,14137,14138,14139,14140,14141,14142,14143,14144,14145,14146,14147,14148,14149,14150,14151
1712000,171200001,'24539',14152,14153,14154,14155,14156,14157,14158,14159,14160,14161,14162,14163,14164,14165,14166,14167,14168,14169,14170,14171,14172,14173,14174,14175,14176,14177,14178,14179,14180,14181,14182,14183,14184
1712000,171200001,'24540',14185,14186,14187,14188,14189,14190,14191,14192,14193,14194,14195,14196,14197,14198,14199,14200,14201,14202,14203,14204,14205,14206,14207,14208,14209,14210,14211,14212,14213,14214,14215,14216,14217
1712000,171200001,'24541',14218,14219,14220,14221,14222,14223,14224,14225,14226,14227,14228,14229,14230,14231,14232,14233,14234,14235,14236,14237,14238,14239,14240,14241,14242,14243,14244,14245,14246,14247,14248,14249,14250
1712000,171200001,'24542',14251,14252,14253,14254,14255,14256,14257,14258,14259,14260,14261,14262,14263,14264,14265,14266,14267,14268,14269,14270,14271,14272,14273,14274,14275,14276,14277,14278,14279,14280,14281,14282,14283
1712000,171200001,'24543',14284,14285,14286,14287,14288,14289,14290,14291,14292,14293,14294,14295,14296,14297,14298,14299,14300,14301,14302,14303,14304,14305,14306,14307,14308,14309,14310,14311,14312,14313,14314,14315
1712000,171200001,'24665',18383,18384,18385,18386,18387,18388,18389,18390,18391,18392,18393,18394,18395,18396,18397,18398,18399,18400,18401,18402,18403,18404,18405,18406,18407,18408,18409,18410,18411,18412,18413,18414
1712000,171200001,'24667',18415,18416,18417,18418,18419,18420,18421,18422,18423,18424,18425,18426,18427,18428,18429,18430,18431,18432,18433,18434,18435,18436,18437,18438,18439,18440,18441,18442,18443,18444,18445,18446
1712000,171200001,'24669',18447,18448,18449,18450,18451,18452,18453,18454,18455,18456,18457,18458,18459,18460,18461,18462,18463,18464,18465,18466,18467,18468,18469,18470,18471,18472,18473,18474,18475,18476,18477,18478
1712000,171200001,'24671',18479,18480,18481,18482,18483,18484,18485,18486,18487,18488,18489,18490,18491,18492,18493,18494,18495,18496,18497,18498,18499,18500,18501,18502,18503,18504,18505,18506,18507,18508,18509,18510
1712000,171200001,'24673',18511,18512,18513,18514,18515,18516,18517,18518,18519,18520,18521,18522,18523,18524,18525,18526,18527,18528,18529,18530,18531,18532,18533,18534,18535,18536,18537,18538,18539,18540,18541,18542
1712000,171200001,'24675',18543,18544,18545,18546,18547,18548,18549,18550,18551,18552,18553,18554,18555,18556,18557,18558,18559,18560,18561,18562,18563,18564,18565,18566,18567,18568,18569,18570,18571,18572,18573,18574
8080300,808030000,'24026',2753,2754,2755,2756
8080300,808030000,'24027',2757,2758,2759,2760,2761,2762
8080300,808030000,'24028',2763,2764,2765,2766,2767,2768
8080300,808030000,'24029',2769,2770,2771,2772,2773,2774
8080300,808030000,'24030',2775,2776,2777,2778,2779,2780,2781
8080300,808030000,'24031',2782,2783,2784,2785,2786,2787
8080300,808030000,'24032',2788,2789,2790,2791,2792
8080300,808030000,'24040',2793,2794,2795
8080300,808030000,'24041',2796,2797,2798,2799
8080300,808030000,'24042',2800,2801,2802,2803
8080300,808030000,'24043',2804,2805,2806,2807
8080300,808030000,'24044',2808,2809,2810,2811,2812
8080300,808030000,'24045',2813,2814,2815,2816
8080300,808030000,'24046',2817,2818,2819,2820
8080300,808030001,'24019',2821,2822,2823,2824
8080300,808030001,'24020',2825,2826,2827,2828,2829,2830
8080300,808030001,'24021',2831,2832,2833,2834,2835,2836
8080300,808030001,'24022',2837,2838,2839,2840,2841,2842
8080300,808030001,'24023',2843,2844,2845,2846,2847,2848,2849
8080300,808030001,'24024',2850,2851,2852,2853,2854,2855
8080300,808030001,'24025',2856,2857,2858,2859,2860
8080300,808030001,'24033',2861,2862,2863
8080300,808030001,'24034',2864,2865,2866,2867
8080300,808030001,'24035',2868,2869,2870,2871
8080300,808030001,'24036',2872,2873,2874,2875
8080300,808030001,'24037',2876,2877,2878,2879,2880
8080300,808030001,'24038',2881,2882,2883,2884
8080300,808030001,'24039',2885,2886,2887,2888
9010300,901030000,'23970',2889,2890,2891,2892,2893,2894,2895,2896,2897,2898,2899,2900,2901,2902,2903,2904
9010300,901030000,'23971',2905,2906,2907,2908,2909,2910,2911,2912,2913,2914,2915,2916,2917,2918,2919,2920,2921
9010300,901030000,'23972',2922,2923,2924,2925,2926,2927,2928,2929,2930,2931,2932,2933,2934,2935,2936,2937,2938
9010300,901030000,'23973',2939,2940,2941,2942,2943,2944,2945,2946,2947,2948,2949,2950,2951,2952,2953,2954,2955
9010300,901030000,'23974',2956,2957,2958,2959,2960,2961,2962,2963,2964,2965,2966,2967,2968,2969,2970,2971,2972
9010300,901030000,'23975',2973,2974,2975,2976,2977,2978,2979,2980,2981,2982,2983,2984,2985,2986,2987,2988,2989
9010300,901030000,'23976',2990,2991,2992,2993,2994,2995,2996,2997,2998,2999,3000,3001,3002,3003,3004,3005
9010300,901030000,'23984',3006,3007,3008,3009,3010,3011,3012,3013,3014,3015,3016
9010300,901030000,'23985',3017,3018,3019,3020,3021,3022,3023,3024,3025,3026,3027,3028
9010300,901030000,'23986',3029,3030,3031,3032,3033,3034,3035,3036,3037,3038,3039,3040
9010300,901030000,'23987',3041,3042,3043,3044,3045,3046,3047,3048,3049,3050,3051,3052
9010300,901030000,'23988',3053,3054,3055,3056,3057,3058,3059,3060,3061,3062,3063,3064
9010300,901030000,'23989',3065,3066,3067,3068,3069,3070,3071,3072,3073,3074,3075,3076
9010300,901030000,'23990',3077,3078,3079,3080,3081,3082,3083,3084,3085,3086,3087
9010300,901030000,'24012',3088,3089,3090,3091,3092,3093,3094,3095,3096,3097,3098,3099,3100,3101,3102,3103
9010300,901030000,'24013',3104,3105,3106,3107,3108,3109,3110,3111,3112,3113,3114,3115,3116,3117,3118,3119,3120
9010300,901030000,'24014',3121,3122,3123,3124,3125,3126,3127,3128,3129,3130,3131,3132,3133,3134,3135,3136,3137
9010300,901030000,'24015',3138,3139,3140,3141,3142,3143,3144,3145,3146,3147,3148,3149,3150,3151,3152,3153,3154
9010300,901030000,'24016',3155,3156,3157,3158,3159,3160,3161,3162,3163,3164,3165,3166,3167,3168,3169,3170,3171
9010300,901030000,'24017',3172,3173,3174,3175,3176,3177,3178,3179,3180,3181,3182,3183,3184,3185,3186,3187,3188
9010300,901030000,'24018',3189,3190,3191,3192,3193,3194,3195,3196,3197,3198,3199,3200,3201,3202,3203,3204
9010300,901030000,'24476',11607,11608,11609,11610,11611,11612,11613,11614,11615,11616,11617,11618,11619,11620,11621,11622,11623,11624,11625,11626,11627,11628,11629,11630,11631,11632
9010300,901030000,'24477',11633,11634,11635,11636,11637,11638,11639,11640,11641,11642,11643,11644,11645,11646,11647,11648,11649,11650,11651,11652,11653,11654,11655,11656,11657,11658,11659
9010300,901030000,'24478',11660,11661,11662,11663,11664,11665,11666,11667,11668,11669,11670,11671,11672,11673,11674,11675,11676,11677,11678,11679,11680,11681,11682,11683,11684,11685,11686
9010300,901030000,'24479',11687,11688,11689,11690,11691,11692,11693,11694,11695,11696,11697,11698,11699,11700,11701,11702,11703,11704,11705,11706,11707,11708,11709,11710,11711,11712,11713
9010300,901030000,'24480',11714,11715,11716,11717,11718,11719,11720,11721,11722,11723,11724,11725,11726,11727,11728,11729,11730,11731,11732,11733,11734,11735,11736,11737,11738,11739,11740
9010300,901030000,'24481',11741,11742,11743,11744,11745,11746,11747,11748,11749,11750,11751,11752,11753,11754,11755,11756,11757,11758,11759,11760,11761,11762,11763,11764,11765,11766,11767
9010300,901030000,'24482',11768,11769,11770,11771,11772,11773,11774,11775,11776,11777,11778,11779,11780,11781,11782,11783,11784,11785,11786,11787,11788,11789,11790,11791,11792,11793
9010300,901030001,'23963',3455,3456,3457,3458,3459,3460,3461,3462,3463,3464,3465,3466,3467,3468,3469,3470
9010300,901030001,'23964',3471,3472,3473,3474,3475,3476,3477,3478,3479,3480,3481,3482,3483,3484,3485,3486,3487
9010300,901030001,'23965',3488,3489,3490,3491,3492,3493,3494,3495,3496,3497,3498,3499,3500,3501,3502,3503,3504
9010300,901030001,'23966',3505,3506,3507,3508,3509,3510,3511,3512,3513,3514,3515,3516,3517,3518,3519,3520,3521
9010300,901030001,'23967',3522,3523,3524,3525,3526,3527,3528,3529,3530,3531,3532,3533,3534,3535,3536,3537,3538
9010300,901030001,'23968',3539,3540,3541,3542,3543,3544,3545,3546,3547,3548,3549,3550,3551,3552,3553,3554,3555
9010300,901030001,'23969',3556,3557,3558,3559,3560,3561,3562,3563,3564,3565,3566,3567,3568,3569,3570,3571
9010300,901030001,'23977',3572,3573,3574,3575,3576,3577,3578,3579,3580,3581,3582
9010300,901030001,'23978',3583,3584,3585,3586,3587,3588,3589,3590,3591,3592,3593,3594
9010300,901030001,'23979',3595,3596,3597,3598,3599,3600,3601,3602,3603,3604,3605,3606
9010300,901030001,'23980',3607,3608,3609,3610,3611,3612,3613,3614,3615,3616,3617,3618
9010300,901030001,'23981',3619,3620,3621,3622,3623,3624,3625,3626,3627,3628,3629,3630
9010300,901030001,'23982',3631,3632,3633,3634,3635,3636,3637,3638,3639,3640,3641,3642
9010300,901030001,'23983',3643,3644,3645,3646,3647,3648,3649,3650,3651,3652,3653
9010300,901030001,'24005',3654,3655,3656,3657,3658,3659,3660,3661,3662,3663,3664,3665,3666,3667,3668,3669
9010300,901030001,'24006',3670,3671,3672,3673,3674,3675,3676,3677,3678,3679,3680,3681,3682,3683,3684,3685,3686
9010300,901030001,'24007',3687,3688,3689,3690,3691,3692,3693,3694,3695,3696,3697,3698,3699,3700,3701,3702,3703
9010300,901030001,'24008',3704,3705,3706,3707,3708,3709,3710,3711,3712,3713,3714,3715,3716,3717,3718,3719,3720
9010300,901030001,'24009',3721,3722,3723,3724,3725,3726,3727,3728,3729,3730,3731,3732,3733,3734,3735,3736,3737
9010300,901030001,'24010',3738,3739,3740,3741,3742,3743,3744,3745,3746,3747,3748,3749,3750,3751,3752,3753,3754
9010300,901030001,'24011',3755,3756,3757,3758,3759,3760,3761,3762,3763,3764,3765,3766,3767,3768,3769,3770
9010300,901030001,'24469',11794,11795,11796,11797,11798,11799,11800,11801,11802,11803,11804,11805,11806,11807,11808,11809,11810,11811,11812,11813,11814,11815,11816,11817,11818,11819
9010300,901030001,'24470',11820,11821,11822,11823,11824,11825,11826,11827,11828,11829,11830,11831,11832,11833,11834,11835,11836,11837,11838,11839,11840,11841,11842,11843,11844,11845,11846
9010300,901030001,'24471',11847,11848,11849,11850,11851,11852,11853,11854,11855,11856,11857,11858,11859,11860,11861,11862,11863,11864,11865,11866,11867,11868,11869,11870,11871,11872,11873
9010300,901030001,'24472',11874,11875,11876,11877,11878,11879,11880,11881,11882,11883,11884,11885,11886,11887,11888,11889,11890,11891,11892,11893,11894,11895,11896,11897,11898,11899,11900
9010300,901030001,'24473',11901,11902,11903,11904,11905,11906,11907,11908,11909,11910,11911,11912,11913,11914,11915,11916,11917,11918,11919,11920,11921,11922,11923,11924,11925,11926,11927
9010300,901030001,'24474',11928,11929,11930,11931,11932,11933,11934,11935,11936,11937,11938,11939,11940,11941,11942,11943,11944,11945,11946,11947,11948,11949,11950,11951,11952,11953,11954
9010300,901030001,'24475',11955,11956,11957,11958,11959,11960,11961,11962,11963,11964,11965,11966,11967,11968,11969,11970,11971,11972,11973,11974,11975,11976,11977,11978,11979,11980
9010700,901070000,'22983',4278
9010700,901070000,'22984',4279
9010700,901070000,'22985',4280,4281
9010700,901070000,'22986',4282,4283,4284
9010700,901070000,'22987',4285,4286
9010700,901070000,'22988',4287,4288,4289,4290
9010700,901070000,'22989',4291,4292,4293
9010700,901070000,'22990',4294,4295
9010700,901070000,'22991',4296,4297
9010700,901070000,'22992',4298,4299
9010700,901070000,'22993',4300,4301,4302
9010700,901070000,'22994',4303,4304,4305
9010700,901070000,'22995',4306,4307,4308
9010700,901070000,'22996',4309
9010700,901070000,'22997',4310
9010700,901070000,'22998',4311
9010700,901070000,'22999',4312,4313
9010700,901070000,'23000',4314,4315,4316
9010700,901070000,'23001',4317,4318,4319
9010700,901070000,'23002',4320,4321,4322,4323
9010700,901070000,'23003',4324,4325,4326,4327
9010700,901070000,'23004',4328,4329
9010700,901070000,'23005',4330,4331
9010700,901070000,'23006',4332,4333
9010700,901070000,'23007',4334,4335,4336,4337
9010700,901070000,'23008',4338,4339,4340
9010700,901070000,'23009',4341,4342
9010700,901070000,'23010',4343
9010700,901070000,'23011',4344
9010700,901070000,'23012',4345,4346
9010700,901070000,'23013',4347
9010700,901070000,'23014',4348,4349,4350
9010700,901070000,'23015',4351,4352
9010700,901070000,'23016',4353,4354,4355,4356
9010700,901070000,'23017',4357,4358
9010700,901070000,'23018',4359,4360,4361,4362
9010700,901070000,'23019',4363,4364
9010700,901070000,'23020',4365,4366
9010700,901070000,'23021',4367,4368,4369
9010700,901070000,'23022',4370,4371,4372
9010700,901070000,'23023',4373,4374,4375,4376
9010700,901070000,'23024',4377,4378
9010700,901070000,'23025',4379
9010700,901070000,'23026',4380
9010700,901070000,'23027',4381
9010700,901070000,'23028',4382
9010700,901070000,'23029',4383,4384
9010700,901070000,'23030',4385,4386
9010700,901070000,'23031',4387
9010700,901070000,'23032',4388,4389
9010700,901070000,'23033',4390,4391
9010700,901070000,'23034',4392,4393
9010700,901070000,'23035',4394,4395,4396
9010700,901070000,'23036',4397,4398,4399
9010700,901070000,'23037',4400,4401,4402,4403
9010700,901070000,'23038',4404,4405,4406
9010700,901070000,'23039',4407,4408,4409
9010700,901070000,'23040',4410,4411
9010700,901070000,'23041',4412
9010700,901070000,'23042',4413
9010700,901070000,'23043',4414,4415
9010700,901070000,'23044',4416,4417
9010700,901070000,'23045',4418
9010700,901070000,'23046',4419
9010700,901070000,'23047',4420,4421
9010700,901070000,'23048',4422,4423
9010700,901070000,'23049',4424,4425,4426,4427
9010700,901070000,'23050',4428,4429,4430
9010700,901070000,'23051',4431,4432,4433,4434
9010700,901070000,'23052',4435,4436
9010700,901070000,'23053',4437,4438
9010700,901070000,'23054',4439
9010700,901070000,'23055',4440
9010700,901070000,'23056',4441
9010700,901070000,'23057',4442,4443
9010700,901070000,'23058',4444,4445
9010700,901070000,'23059',4446
9010700,901070000,'23060',4447
9010700,901070000,'23061',4448,4449
9010700,901070000,'23062',4450,4451
9010700,901070000,'23063',4452,4453
9010700,901070000,'23064',4454,4455
9010700,901070000,'23065',4456,4457
9010700,901070000,'23066',4458,4459,4460
9010700,901070000,'23067',4461,4462,4463
9010700,901070000,'23068',4464,4465,4466
9010700,901070000,'23069',4467,4468,4469
9010700,901070000,'23070',4470
9010700,901070000,'23071',4471,4472
9010700,901070000,'23072',4473,4474
9010700,901070000,'23073',4475
9010700,901070000,'23074',4476
9010700,901070000,'23075',4477
9010700,901070000,'23076',4478
9010700,901070000,'23077',4479,4480
9010700,901070000,'23078',4481,4482
9010700,901070000,'23079',4483,4484
9010700,901070000,'23080',4485,4486
9010700,901070000,'23081',4487,4488
9010700,901070000,'23082',4489,4490
9010700,901070000,'23083',4491,4492
9010700,901070001,'23258',4753
9010700,901070001,'23259',4754
9010700,901070001,'23260',4755,4756
9010700,901070001,'23261',4757,4758,4759
9010700,901070001,'23262',4760,4761
9010700,901070001,'23263',4762,4763,4764,4765
9010700,901070001,'23264',4766,4767,4768
9010700,901070001,'23265',4769,4770,4771
9010700,901070001,'23266',4772,4773
9010700,901070001,'23267',4774,4775
9010700,901070001,'23268',4776,4777,4778
9010700,901070001,'23269',4779,4780,4781
9010700,901070001,'23270',4782,4783,4784
9010700,901070001,'23271',4785
9010700,901070001,'23272',4786
9010700,901070001,'23273',4787
9010700,901070001,'23274',4788,4789
9010700,901070001,'23275',4790,4791,4792
9010700,901070001,'23276',4793,4794,4795
9010700,901070001,'23277',4796,4797,4798,4799
9010700,901070001,'23278',4800,4801,4802,4803
9010700,901070001,'23279',4804,4805
9010700,901070001,'23280',4806,4807
9010700,901070001,'23281',4808,4809
9010700,901070001,'23282',4810,4811,4812,4813
9010700,901070001,'23283',4814,4815,4816
9010700,901070001,'23284',4817,4818
9010700,901070001,'23285',4819
9010700,901070001,'23286',4820
9010700,901070001,'23287',4821,4822
9010700,901070001,'23288',4823
9010700,901070001,'23289',4824,4825,4826
9010700,901070001,'23290',4827,4828
9010700,901070001,'23291',4829,4830,4831,4832
9010700,901070001,'23292',4833,4834,4835
9010700,901070001,'23293',4836,4837,4838,4839
9010700,901070001,'23294',4840,4841
9010700,901070001,'23295',4842,4843
9010700,901070001,'23296',4844,4845,4846
9010700,901070001,'23297',4847,4848,4849
9010700,901070001,'23298',4850,4851,4852,4853
9010700,901070001,'23299',4854,4855
9010700,901070001,'23300',4856
9010700,901070001,'23301',4857
9010700,901070001,'23302',4858
9010700,901070001,'23303',4859
9010700,901070001,'23304',4860,4861
9010700,901070001,'23305',4862,4863
9010700,901070001,'23306',4864,4865
9010700,901070001,'23307',4866,4867
9010700,901070001,'23308',4868,4869
9010700,901070001,'23309',4870,4871
9010700,901070001,'23310',4872,4873,4874
9010700,901070001,'23311',4875,4876,4877
9010700,901070001,'23312',4878,4879,4880,4881
9010700,901070001,'23313',4882,4883,4884
9010700,901070001,'23314',4885,4886,4887
9010700,901070001,'23315',4888,4889
9010700,901070001,'23316',4890
9010700,901070001,'23317',4891
9010700,901070001,'23318',4892,4893
9010700,901070001,'23319',4894,4895
9010700,901070001,'23320',4896
9010700,901070001,'23321',4897
9010700,901070001,'23322',4898,4899
9010700,901070001,'23323',4900,4901
9010700,901070001,'23324',4902,4903,4904,4905
9010700,901070001,'23325',4906,4907,4908
9010700,901070001,'23326',4909,4910,4911,4912
9010700,901070001,'23327',4913,4914
9010700,901070001,'23328',4915,4916
9010700,901070001,'23329',4917
9010700,901070001,'23330',4918
9010700,901070001,'23331',4919
9010700,901070001,'23332',4920,4921
9010700,901070001,'23333',4922,4923
9010700,901070001,'23334',4924
9010700,901070001,'23335',4925
9010700,901070001,'23336',4926,4927
9010700,901070001,'23337',4928,4929
9010700,901070001,'23338',4930,4931
9010700,901070001,'23339',4932,4933
9010700,901070001,'23340',4934,4935
9010700,901070001,'23341',4936,4937,4938
9010700,901070001,'23342',4939,4940,4941
9010700,901070001,'23343',4942,4943,4944
9010700,901070001,'23344',4945,4946,4947
9010700,901070001,'23345',4948
9010700,901070001,'23346',4949,4950
9010700,901070001,'23347',4951,4952
9010700,901070001,'23348',4953
9010700,901070001,'23349',4954
9010700,901070001,'23350',4955
9010700,901070001,'23351',4956
9010700,901070001,'23352',4957,4958
9010700,901070001,'23353',4959,4960
9010700,901070001,'23354',4961,4962
9010700,901070001,'23355',4963,4964
9010700,901070001,'23356',4965,4966
9010700,901070001,'23357',4967,4968
9010700,901070001,'23358',4969,4970
18190100,1819010000,'24054',4971,4972,4973,4974
18190100,1819010000,'24055',4975,4976,4977,4978,4979,4980,4981,4982,4983,4984
18190100,1819010000,'24056',4985,4986,4987,4988,4989,4990,4991,4992,4993,4994
18190100,1819010000,'24057',4995,4996,4997,4998,4999,5000,5001,5002,5003,5004
18190100,1819010000,'24058',5005,5006,5007,5008,5009,5010,5011,5012,5013,5014,5015
18190100,1819010000,'24059',5016,5017,5018,5019,5020,5021,5022,5023,5024,5025,5026
18190100,1819010000,'24060',5027,5028,5029,5030,5031,5032
18190100,1819010000,'24068',5033,5034,5035,5036
18190100,1819010000,'24069',5037,5038,5039,5040,5041,5042,5043,5044,5045,5046
18190100,1819010000,'24070',5047,5048,5049,5050,5051,5052,5053,5054,5055,5056
18190100,1819010000,'24071',5057,5058,5059,5060,5061,5062,5063,5064,5065,5066
18190100,1819010000,'24072',5067,5068,5069,5070,5071,5072,5073,5074,5075,5076,5077
18190100,1819010000,'24073',5078,5079,5080,5081,5082,5083,5084,5085,5086,5087,5088,5089
18190100,1819010000,'24074',5090,5091,5092,5093,5094,5095
18190100,1819010001,'24047',5096,5097,5098,5099
18190100,1819010001,'24048',5100,5101,5102,5103,5104,5105,5106,5107,5108,5109
18190100,1819010001,'24049',5110,5111,5112,5113,5114,5115,5116,5117,5118,5119
18190100,1819010001,'24050',5120,5121,5122,5123,5124,5125,5126,5127,5128,5129
18190100,1819010001,'24051',5130,5131,5132,5133,5134,5135,5136,5137,5138,5139,5140
18190100,1819010001,'24052',5141,5142,5143,5144,5145,5146,5147,5148,5149,5150,5151
18190100,1819010001,'24053',5152,5153,5154,5155,5156,5157
18190100,1819010001,'24061',5158,5159,5160,5161
18190100,1819010001,'24062',5162,5163,5164,5165,5166,5167,5168,5169,5170,5171
18190100,1819010001,'24063',5172,5173,5174,5175,5176,5177,5178,5179,5180,5181
18190100,1819010001,'24064',5182,5183,5184,5185,5186,5187,5188,5189,5190,5191
18190100,1819010001,'24065',5192,5193,5194,5195,5196,5197,5198,5199,5200,5201,5202
18190100,1819010001,'24066',5203,5204,5205,5206,5207,5208,5209,5210,5211,5212,5213,5214
18190100,1819010001,'24067',5215,5216,5217,5218,5219,5220
19200912,1920091200,'24343',5221,5222,5223,5224,5225,5226,5227,5228,5229,5230,5231,5232,5233,5234,5235,5236,5237,5238,5239,5240,5241,5242,5243,5244,5245,5246,5247,5248,5249,5250,5251,5252,5253,5254
19200912,1920091200,'24344',5255,5256,5257,5258,5259,5260,5261,5262,5263,5264,5265,5266,5267,5268,5269,5270,5271,5272,5273,5274,5275,5276,5277,5278,5279,5280,5281,5282,5283,5284,5285,5286,5287,5288,5289
19200912,1920091200,'24345',5290,5291,5292,5293,5294,5295,5296,5297,5298,5299,5300,5301,5302,5303,5304,5305,5306,5307,5308,5309,5310,5311,5312,5313,5314,5315,5316,5317,5318,5319,5320,5321,5322,5323,5324
19200912,1920091200,'24346',5325,5326,5327,5328,5329,5330,5331,5332,5333,5334,5335,5336,5337,5338,5339,5340,5341,5342,5343,5344,5345,5346,5347,5348,5349,5350,5351,5352,5353,5354,5355,5356,5357,5358,5359
19200912,1920091200,'24347',5360,5361,5362,5363,5364,5365,5366,5367,5368,5369,5370,5371,5372,5373,5374,5375,5376,5377,5378,5379,5380,5381,5382,5383,5384,5385,5386,5387,5388,5389,5390,5391,5392,5393,5394
19200912,1920091200,'24348',5395,5396,5397,5398,5399,5400,5401,5402,5403,5404,5405,5406,5407,5408,5409,5410,5411,5412,5413,5414,5415,5416,5417,5418,5419,5420,5421,5422,5423,5424,5425,5426,5427,5428,5429
19200912,1920091200,'24349',5430,5431,5432,5433,5434,5435,5436,5437,5438,5439,5440,5441,5442,5443,5444,5445,5446,5447,5448,5449,5450,5451,5452,5453,5454,5455,5456,5457,5458,5459,5460,5461,5462,5463
19200912,1920091201,'24336',5464,5465,5466,5467,5468,5469,5470,5471,5472,5473,5474,5475,5476,5477,5478,5479,5480,5481,5482,5483,5484,5485,5486,5487,5488,5489,5490,5491,5492,5493,5494,5495,5496
19200912,1920091201,'24337',5497,5498,5499,5500,5501,5502,5503,5504,5505,5506,5507,5508,5509,5510,5511,5512,5513,5514,5515,5516,5517,5518,5519,5520,5521,5522,5523,5524,5525,5526,5527,5528,5529,5530
19200912,1920091201,'24338',5531,5532,5533,5534,5535,5536,5537,5538,5539,5540,5541,5542,5543,5544,5545,5546,5547,5548,5549,5550,5551,5552,5553,5554,5555,5556,5557,5558,5559,5560,5561,5562,5563,5564
19200912,1920091201,'24339',5565,5566,5567,5568,5569,5570,5571,5572,5573,5574,5575,5576,5577,5578,5579,5580,5581,5582,5583,5584,5585,5586,5587,5588,5589,5590,5591,5592,5593,5594,5595,5596,5597,5598
19200912,1920091201,'24340',5599,5600,5601,5602,5603,5604,5605,5606,5607,5608,5609,5610,5611,5612,5613,5614,5615,5616,5617,5618,5619,5620,5621,5622,5623,5624,5625,5626,5627,5628,5629,5630,5631,5632
19200912,1920091201,'24341',5633,5634,5635,5636,5637,5638,5639,5640,5641,5642,5643,5644,5645,5646,5647,5648,5649,5650,5651,5652,5653,5654,5655,5656,5657,5658,5659,5660,5661,5662,5663,5664,5665,5666
19200912,1920091201,'24342',5667,5668,5669,5670,5671,5672,5673,5674,5675,5676,5677,5678,5679,5680,5681,5682,5683,5684,5685,5686,5687,5688,5689,5690,5691,5692,5693,5694,5695,5696,5697,5698,5699
20219300,2021930000,'23914',18575,18576,18577,18578,18579,18580,18581,18582,18583,18584,18585,18586,18587,18588,18589,18590,18591,18592,18593,18594,18595,18596,18597,18598,18599,18600,18601,18602,18603,18604,18605,18606,18607,18608,18609,18610,18611,18612,18613,18614,18615,18616,18617,18618,18619,18620,18621,18622,18623
20219300,2021930000,'23915',18624,18625,18626,18627,18628,18629,18630,18631,18632,18633,18634,18635,18636,18637,18638,18639,18640,18641,18642,18643,18644,18645,18646,18647,18648,18649,18650,18651,18652,18653,18654,18655,18656,18657,18658,18659,18660,18661,18662,18663,18664,18665,18666,18667,18668,18669,18670,18671,18672,18673,18674
20219300,2021930000,'23916',18675,18676,18677,18678,18679,18680,18681,18682,18683,18684,18685,18686,18687,18688,18689,18690,18691,18692,18693,18694,18695,18696,18697,18698,18699,18700,18701,18702,18703,18704,18705,18706,18707,18708,18709,18710,18711,18712,18713,18714,18715,18716,18717,18718,18719,18720,18721,18722,18723,18724,18725
20219300,2021930000,'23917',18726,18727,18728,18729,18730,18731,18732,18733,18734,18735,18736,18737,18738,18739,18740,18741,18742,18743,18744,18745,18746,18747,18748,18749,18750,18751,18752,18753,18754,18755,18756,18757,18758,18759,18760,18761,18762,18763,18764,18765,18766,18767,18768,18769,18770,18771,18772,18773,18774,18775,18776
20219300,2021930000,'23918',18777,18778,18779,18780,18781,18782,18783,18784,18785,18786,18787,18788,18789,18790,18791,18792,18793,18794,18795,18796,18797,18798,18799,18800,18801,18802,18803,18804,18805,18806,18807,18808,18809,18810,18811,18812,18813,18814,18815,18816,18817,18818,18819,18820,18821,18822,18823,18824,18825,18826,18827
20219300,2021930000,'23919',18828,18829,18830,18831,18832,18833,18834,18835,18836,18837,18838,18839,18840,18841,18842,18843,18844,18845,18846,18847,18848,18849,18850,18851,18852,18853,18854,18855,18856,18857,18858,18859,18860,18861,18862,18863,18864,18865,18866,18867,18868,18869,18870,18871,18872,18873,18874,18875,18876,18877,18878
20219300,2021930000,'23920',18879,18880,18881,18882,18883,18884,18885,18886,18887,18888,18889,18890,18891,18892,18893,18894,18895,18896,18897,18898,18899,18900,18901,18902,18903,18904,18905,18906,18907,18908,18909,18910,18911,18912,18913,18914,18915,18916,18917,18918,18919,18920,18921,18922,18923,18924,18925,18926,18927
20219300,2021930000,'24614',18928,18929,18930,18931,18932,18933,18934,18935,18936,18937,18938,18939,18940,18941,18942,18943,18944,18945,18946,18947,18948,18949,18950,18951,18952,18953,18954,18955,18956,18957,18958,18959,18960,18961,18962,18963,18964,18965,18966,18967,18968,18969,18970,18971,18972,18973,18974,18975,18976,18977,18978,18979
20219300,2021930000,'24615',18980,18981,18982,18983,18984,18985,18986,18987,18988,18989,18990,18991,18992,18993,18994,18995,18996,18997,18998,18999,19000,19001,19002,19003,19004,19005,19006,19007,19008,19009,19010,19011,19012,19013,19014,19015,19016,19017,19018,19019,19020,19021,19022,19023,19024,19025,19026,19027,19028,19029,19030,19031
20219300,2021930000,'24616',19032,19033,19034,19035,19036,19037,19038,19039,19040,19041,19042,19043,19044,19045,19046,19047,19048,19049,19050,19051,19052,19053,19054,19055,19056,19057,19058,19059,19060,19061,19062,19063,19064,19065,19066,19067,19068,19069,19070,19071,19072,19073,19074,19075,19076,19077,19078,19079,19080,19081,19082,19083
20219300,2021930000,'24617',19084,19085,19086,19087,19088,19089,19090,19091,19092,19093,19094,19095,19096,19097,19098,19099,19100,19101,19102,19103,19104,19105,19106,19107,19108,19109,19110,19111,19112,19113,19114,19115,19116,19117,19118,19119,19120,19121,19122,19123,19124,19125,19126,19127,19128,19129,19130,19131,19132,19133,19134,19135
20219300,2021930000,'24618',19136,19137,19138,19139,19140,19141,19142,19143,19144,19145,19146,19147,19148,19149,19150,19151,19152,19153,19154,19155,19156,19157,19158,19159,19160,19161,19162,19163,19164,19165,19166,19167,19168,19169,19170,19171,19172,19173,19174,19175,19176,19177,19178,19179,19180,19181,19182,19183,19184,19185,19186,19187
20219300,2021930000,'24619',19188,19189,19190,19191,19192,19193,19194,19195,19196,19197,19198,19199,19200,19201,19202,19203,19204,19205,19206,19207,19208,19209,19210,19211,19212,19213,19214,19215,19216,19217,19218,19219,19220,19221,19222,19223,19224,19225,19226,19227,19228,19229,19230,19231,19232,19233,19234,19235,19236,19237,19238,19239
20219300,2021930000,'24620',19240,19241,19242,19243,19244,19245,19246,19247,19248,19249,19250,19251,19252,19253,19254,19255,19256,19257,19258,19259,19260,19261,19262,19263,19264,19265,19266,19267,19268,19269,19270,19271,19272,19273,19274,19275,19276,19277,19278,19279,19280,19281,19282,19283,19284,19285,19286,19287,19288,19289,19290,19291
20219300,2021930000,'24650',19292,19293,19294,19295,19296,19297,19298,19299,19300,19301,19302,19303,19304,19305,19306,19307,19308,19309,19310,19311,19312,19313,19314,19315,19316,19317,19318,19319,19320,19321,19322,19323,19324,19325,19326,19327,19328,19329,19330,19331,19332,19333,19334,19335
20219300,2021930000,'24651',19336,19337,19338,19339,19340,19341,19342,19343,19344,19345,19346,19347,19348,19349,19350,19351,19352,19353,19354,19355,19356,19357,19358,19359,19360,19361,19362,19363,19364,19365,19366,19367,19368,19369,19370,19371,19372,19373,19374,19375,19376,19377,19378,19379
20219300,2021930000,'24652',19380,19381,19382,19383,19384,19385,19386,19387,19388,19389,19390,19391,19392,19393,19394,19395,19396,19397,19398,19399,19400,19401,19402,19403,19404,19405,19406,19407,19408,19409,19410,19411,19412,19413,19414,19415,19416,19417,19418,19419,19420,19421,19422,19423
20219300,2021930000,'24653',19424,19425,19426,19427,19428,19429,19430,19431,19432,19433,19434,19435,19436,19437,19438,19439,19440,19441,19442,19443,19444,19445,19446,19447,19448,19449,19450,19451,19452,19453,19454,19455,19456,19457,19458,19459,19460,19461,19462,19463,19464,19465,19466,19467
20219300,2021930000,'24654',19468,19469,19470,19471,19472,19473,19474,19475,19476,19477,19478,19479,19480,19481,19482,19483,19484,19485,19486,19487,19488,19489,19490,19491,19492,19493,19494,19495,19496,19497,19498,19499,19500,19501,19502,19503,19504,19505,19506,19507,19508,19509,19510,19511
20219300,2021930001,'23907',19512,19513,19514,19515,19516,19517,19518,19519,19520,19521,19522,19523,19524,19525,19526,19527,19528,19529,19530,19531,19532,19533,19534,19535,19536,19537,19538,19539,19540,19541,19542,19543,19544,19545,19546,19547,19548,19549,19550,19551,19552,19553,19554,19555,19556,19557,19558,19559,19560
20219300,2021930001,'23908',19561,19562,19563,19564,19565,19566,19567,19568,19569,19570,19571,19572,19573,19574,19575,19576,19577,19578,19579,19580,19581,19582,19583,19584,19585,19586,19587,19588,19589,19590,19591,19592,19593,19594,19595,19596,19597,19598,19599,19600,19601,19602,19603,19604,19605,19606,19607,19608,19609,19610,19611
20219300,2021930001,'23909',19612,19613,19614,19615,19616,19617,19618,19619,19620,19621,19622,19623,19624,19625,19626,19627,19628,19629,19630,19631,19632,19633,19634,19635,19636,19637,19638,19639,19640,19641,19642,19643,19644,19645,19646,19647,19648,19649,19650,19651,19652,19653,19654,19655,19656,19657,19658,19659,19660,19661,19662
20219300,2021930001,'23910',19663,19664,19665,19666,19667,19668,19669,19670,19671,19672,19673,19674,19675,19676,19677,19678,19679,19680,19681,19682,19683,19684,19685,19686,19687,19688,19689,19690,19691,19692,19693,19694,19695,19696,19697,19698,19699,19700,19701,19702,19703,19704,19705,19706,19707,19708,19709,19710,19711,19712,19713
20219300,2021930001,'23911',19714,19715,19716,19717,19718,19719,19720,19721,19722,19723,19724,19725,19726,19727,19728,19729,19730,19731,19732,19733,19734,19735,19736,19737,19738,19739,19740,19741,19742,19743,19744,19745,19746,19747,19748,19749,19750,19751,19752,19753,19754,19755,19756,19757,19758,19759,19760,19761,19762,19763,19764
20219300,2021930001,'23912',19765,19766,19767,19768,19769,19770,19771,19772,19773,19774,19775,19776,19777,19778,19779,19780,19781,19782,19783,19784,19785,19786,19787,19788,19789,19790,19791,19792,19793,19794,19795,19796,19797,19798,19799,19800,19801,19802,19803,19804,19805,19806,19807,19808,19809,19810,19811,19812,19813,19814,19815
20219300,2021930001,'23913',19816,19817,19818,19819,19820,19821,19822,19823,19824,19825,19826,19827,19828,19829,19830,19831,19832,19833,19834,19835,19836,19837,19838,19839,19840,19841,19842,19843,19844,19845,19846,19847,19848,19849,19850,19851,19852,19853,19854,19855,19856,19857,19858,19859,19860,19861,19862,19863,19864
20219300,2021930001,'24607',19865,19866,19867,19868,19869,19870,19871,19872,19873,19874,19875,19876,19877,19878,19879,19880,19881,19882,19883,19884,19885,19886,19887,19888,19889,19890,19891,19892,19893,19894,19895,19896,19897,19898,19899,19900,19901,19902,19903,19904,19905,19906,19907,19908,19909,19910,19911,19912,19913,19914,19915,19916
20219300,2021930001,'24608',19917,19918,19919,19920,19921,19922,19923,19924,19925,19926,19927,19928,19929,19930,19931,19932,19933,19934,19935,19936,19937,19938,19939,19940,19941,19942,19943,19944,19945,19946,19947,19948,19949,19950,19951,19952,19953,19954,19955,19956,19957,19958,19959,19960,19961,19962,19963,19964,19965,19966,19967,19968
20219300,2021930001,'24609',19969,19970,19971,19972,19973,19974,19975,19976,19977,19978,19979,19980,19981,19982,19983,19984,19985,19986,19987,19988,19989,19990,19991,19992,19993,19994,19995,19996,19997,19998,19999,20000,20001,20002,20003,20004,20005,20006,20007,20008,20009,20010,20011,20012,20013,20014,20015,20016,20017,20018,20019,20020
20219300,2021930001,'24610',20021,20022,20023,20024,20025,20026,20027,20028,20029,20030,20031,20032,20033,20034,20035,20036,20037,20038,20039,20040,20041,20042,20043,20044,20045,20046,20047,20048,20049,20050,20051,20052,20053,20054,20055,20056,20057,20058,20059,20060,20061,20062,20063,20064,20065,20066,20067,20068,20069,20070,20071,20072
20219300,2021930001,'24611',20073,20074,20075,20076,20077,20078,20079,20080,20081,20082,20083,20084,20085,20086,20087,20088,20089,20090,20091,20092,20093,20094,20095,20096,20097,20098,20099,20100,20101,20102,20103,20104,20105,20106,20107,20108,20109,20110,20111,20112,20113,20114,20115,20116,20117,20118,20119,20120,20121,20122,20123,20124
20219300,2021930001,'24612',20125,20126,20127,20128,20129,20130,20131,20132,20133,20134,20135,20136,20137,20138,20139,20140,20141,20142,20143,20144,20145,20146,20147,20148,20149,20150,20151,20152,20153,20154,20155,20156,20157,20158,20159,20160,20161,20162,20163,20164,20165,20166,20167,20168,20169,20170,20171,20172,20173,20174,20175,20176
20219300,2021930001,'24613',20177,20178,20179,20180,20181,20182,20183,20184,20185,20186,20187,20188,20189,20190,20191,20192,20193,20194,20195,20196,20197,20198,20199,20200,20201,20202,20203,20204,20205,20206,20207,20208,20209,20210,20211,20212,20213,20214,20215,20216,20217,20218,20219,20220,20221,20222,20223,20224,20225,20226,20227,20228
20219300,2021930001,'24643',20229,20230,20231,20232,20233,20234,20235,20236,20237,20238,20239,20240,20241,20242,20243,20244,20245,20246,20247,20248,20249,20250,20251,20252,20253,20254,20255,20256,20257,20258,20259,20260,20261,20262,20263,20264,20265,20266,20267,20268,20269,20270,20271,20272
20219300,2021930001,'24644',20273,20274,20275,20276,20277,20278,20279,20280,20281,20282,20283,20284,20285,20286,20287,20288,20289,20290,20291,20292,20293,20294,20295,20296,20297,20298,20299,20300,20301,20302,20303,20304,20305,20306,20307,20308,20309,20310,20311,20312,20313,20314,20315,20316
20219300,2021930001,'24645',20317,20318,20319,20320,20321,20322,20323,20324,20325,20326,20327,20328,20329,20330,20331,20332,20333,20334,20335,20336,20337,20338,20339,20340,20341,20342,20343,20344,20345,20346,20347,20348,20349,20350,20351,20352,20353,20354,20355,20356,20357,20358,20359,20360
20219300,2021930001,'24646',20361,20362,20363,20364,20365,20366,20367,20368,20369,20370,20371,20372,20373,20374,20375,20376,20377,20378,20379,20380,20381,20382,20383,20384,20385,20386,20387,20388,20389,20390,20391,20392,20393,20394,20395,20396,20397,20398,20399,20400,20401,20402,20403,20404
20219300,2021930001,'24647',20405,20406,20407,20408,20409,20410,20411,20412,20413,20414,20415,20416,20417,20418,20419,20420,20421,20422,20423,20424,20425,20426,20427,20428,20429,20430,20431,20432,20433,20434,20435,20436,20437,20438,20439,20440,20441,20442,20443,20444,20445,20446,20447,20448
