2021930000,'23914',30,,18575,0,,,1,100,,18576,0,,,1,100,,18577,0,,,1,100,,18578,0,,,1,100,,18579,0,,,1,100,,18580,0,,,1,90,,18581,0,,,1,80,,18582,0,,,1,40,,18583,0,,,1,80,,18584,0,,,1,80,,18585,0,,,1,40,,18586,0,,,1,60,,18587,0,,,1,20,,18588,0,,,1,20,,18589,0,,,1,60,,18590,0,,,1,20,,18591,0,,,1,20,,18592,0,,,1,60,,18593,0,,,1,20,,18594,0,,,1,20,,18595,0,,,1,60,,18596,0,,,1,20,,18597,0,,,1,20,,18598,0,,,1,60,,18599,0,,,1,20,,18600,0,,,1,20,,18601,0,,,1,60,,18602,0,,,1,20,,18603,0,,,1,20,,18604,0,,,1,60,,18605,0,,,1,20,,18606,0,,,1,20,,18607,0,,,1,60,,18608,0,,,1,20,,18609,0,,,1,20,,18610,0,,,1,60,,18611,0,,,1,20,,18612,0,,,1,20,,18613,0,,,1,60,,18614,0,,,1,20,,18615,0,,,1,20,,18616,0,,,1,60,,18617,0,,,1,20,,18618,0,,,1,80,,18619,0,,,1,40,,18620,0,,,1,80,,18621,0,,,1,80,,18622,0,,,1,40,,18623,0,,,1
2021930000,'23915',30,,18674,0,,,1,100,,18673,0,,,1,100,,18672,0,,,1,100,,18671,0,,,1,100,,18670,0,,,1,110,,18669,0,,,1,80,,18668,0,,,1,80,,18667,0,,,1,40,,18666,0,,,1,60,,18665,0,,,1,20,,18664,0,,,1,80,,18663,0,,,1,20,,18662,0,,,1,20,,18661,0,,,1,60,,18660,0,,,1,20,,18659,0,,,1,20,,18658,0,,,1,60,,18657,0,,,1,20,,18656,0,,,1,20,,18655,0,,,1,60,,18654,0,,,1,20,,18653,0,,,1,20,,18652,0,,,1,60,,18651,0,,,1,20,,18650,0,,,1,20,,18649,0,,,1,60,,18648,0,,,1,20,,18647,0,,,1,20,,18646,0,,,1,60,,18645,0,,,1,20,,18644,0,,,1,20,,18643,0,,,1,60,,18642,0,,,1,20,,18641,0,,,1,20,,18640,0,,,1,60,,18639,0,,,1,20,,18638,0,,,1,20,,18637,0,,,1,60,,18636,0,,,1,20,,18635,0,,,1,20,,18634,0,,,1,60,,18633,0,,,1,20,,18632,0,,,1,20,,18631,0,,,1,60,,18630,0,,,1,20,,18629,0,,,1,80,,18628,0,,,1,40,,18627,0,,,1,80,,18626,0,,,1,80,,18625,0,,,1,40,,18624,0,,,1
2021930000,'23916',30,,18725,0,,,1,100,,18724,0,,,1,100,,18723,0,,,1,100,,18722,0,,,1,100,,18721,0,,,1,110,,18720,0,,,1,80,,18719,0,,,1,80,,18718,0,,,1,40,,18717,0,,,1,60,,18716,0,,,1,20,,18715,0,,,1,80,,18714,0,,,1,20,,18713,0,,,1,20,,18712,0,,,1,60,,18711,0,,,1,20,,18710,0,,,1,20,,18709,0,,,1,60,,18708,0,,,1,20,,18707,0,,,1,20,,18706,0,,,1,60,,18705,0,,,1,20,,18704,0,,,1,20,,18703,0,,,1,60,,18702,0,,,1,20,,18701,0,,,1,20,,18700,0,,,1,60,,18699,0,,,1,20,,18698,0,,,1,20,,18697,0,,,1,60,,18696,0,,,1,20,,18695,0,,,1,20,,18694,0,,,1,60,,18693,0,,,1,20,,18692,0,,,1,20,,18691,0,,,1,60,,18690,0,,,1,20,,18689,0,,,1,20,,18688,0,,,1,60,,18687,0,,,1,20,,18686,0,,,1,20,,18685,0,,,1,60,,18684,0,,,1,20,,18683,0,,,1,20,,18682,0,,,1,60,,18681,0,,,1,20,,18680,0,,,1,80,,18679,0,,,1,40,,18678,0,,,1,80,,18677,0,,,1,80,,18676,0,,,1,40,,18675,0,,,1
2021930000,'23917',30,,18776,0,,,1,100,,18775,0,,,1,100,,18774,0,,,1,100,,18773,0,,,1,100,,18772,0,,,1,110,,18771,0,,,1,80,,18770,0,,,1,80,,18769,0,,,1,40,,18768,0,,,1,60,,18767,0,,,1,20,,18766,0,,,1,80,,18765,0,,,1,20,,18764,0,,,1,20,,18763,0,,,1,60,,18762,0,,,1,20,,18761,0,,,1,20,,18760,0,,,1,60,,18759,0,,,1,20,,18758,0,,,1,20,,18757,0,,,1,60,,18756,0,,,1,20,,18755,0,,,1,20,,18754,0,,,1,60,,18753,0,,,1,20,,18752,0,,,1,20,,18751,0,,,1,60,,18750,0,,,1,20,,18749,0,,,1,20,,18748,0,,,1,60,,18747,0,,,1,20,,18746,0,,,1,20,,18745,0,,,1,60,,18744,0,,,1,20,,18743,0,,,1,20,,18742,0,,,1,60,,18741,0,,,1,20,,18740,0,,,1,20,,18739,0,,,1,60,,18738,0,,,1,20,,18737,0,,,1,20,,18736,0,,,1,60,,18735,0,,,1,20,,18734,0,,,1,20,,18733,0,,,1,60,,18732,0,,,1,20,,18731,0,,,1,80,,18730,0,,,1,40,,18729,0,,,1,80,,18728,0,,,1,80,,18727,0,,,1,40,,18726,0,,,1
2021930000,'23918',30,,18827,0,,,1,100,,18826,0,,,1,100,,18825,0,,,1,100,,18824,0,,,1,100,,18823,0,,,1,110,,18822,0,,,1,80,,18821,0,,,1,80,,18820,0,,,1,40,,18819,0,,,1,60,,18818,0,,,1,20,,18817,0,,,1,80,,18816,0,,,1,20,,18815,0,,,1,20,,18814,0,,,1,60,,18813,0,,,1,20,,18812,0,,,1,20,,18811,0,,,1,60,,18810,0,,,1,20,,18809,0,,,1,20,,18808,0,,,1,60,,18807,0,,,1,20,,18806,0,,,1,20,,18805,0,,,1,60,,18804,0,,,1,20,,18803,0,,,1,20,,18802,0,,,1,60,,18801,0,,,1,20,,18800,0,,,1,20,,18799,0,,,1,60,,18798,0,,,1,20,,18797,0,,,1,20,,18796,0,,,1,60,,18795,0,,,1,20,,18794,0,,,1,20,,18793,0,,,1,60,,18792,0,,,1,20,,18791,0,,,1,20,,18790,0,,,1,60,,18789,0,,,1,20,,18788,0,,,1,20,,18787,0,,,1,60,,18786,0,,,1,20,,18785,0,,,1,20,,18784,0,,,1,60,,18783,0,,,1,20,,18782,0,,,1,80,,18781,0,,,1,40,,18780,0,,,1,80,,18779,0,,,1,80,,18778,0,,,1,40,,18777,0,,,1
2021930000,'23919',30,,18878,0,,,1,100,,18877,0,,,1,100,,18876,0,,,1,100,,18875,0,,,1,100,,18874,0,,,1,110,,18873,0,,,1,80,,18872,0,,,1,80,,18871,0,,,1,40,,18870,0,,,1,60,,18869,0,,,1,20,,18868,0,,,1,80,,18867,0,,,1,20,,18866,0,,,1,20,,18865,0,,,1,60,,18864,0,,,1,20,,18863,0,,,1,20,,18862,0,,,1,60,,18861,0,,,1,20,,18860,0,,,1,20,,18859,0,,,1,60,,18858,0,,,1,20,,18857,0,,,1,20,,18856,0,,,1,60,,18855,0,,,1,20,,18854,0,,,1,20,,18853,0,,,1,60,,18852,0,,,1,20,,18851,0,,,1,20,,18850,0,,,1,60,,18849,0,,,1,20,,18848,0,,,1,20,,18847,0,,,1,60,,18846,0,,,1,20,,18845,0,,,1,20,,18844,0,,,1,60,,18843,0,,,1,20,,18842,0,,,1,20,,18841,0,,,1,60,,18840,0,,,1,20,,18839,0,,,1,20,,18838,0,,,1,60,,18837,0,,,1,20,,18836,0,,,1,20,,18835,0,,,1,60,,18834,0,,,1,20,,18833,0,,,1,80,,18832,0,,,1,40,,18831,0,,,1,80,,18830,0,,,1,80,,18829,0,,,1,40,,18828,0,,,1
2021930000,'23920',30,,18879,0,,,1,100,,18880,0,,,1,100,,18881,0,,,1,100,,18882,0,,,1,100,,18883,0,,,1,100,,18884,0,,,1,90,,18885,0,,,1,80,,18886,0,,,1,40,,18887,0,,,1,80,,18888,0,,,1,80,,18889,0,,,1,40,,18890,0,,,1,60,,18891,0,,,1,20,,18892,0,,,1,20,,18893,0,,,1,60,,18894,0,,,1,20,,18895,0,,,1,20,,18896,0,,,1,60,,18897,0,,,1,20,,18898,0,,,1,20,,18899,0,,,1,60,,18900,0,,,1,20,,18901,0,,,1,20,,18902,0,,,1,60,,18903,0,,,1,20,,18904,0,,,1,20,,18905,0,,,1,60,,18906,0,,,1,20,,18907,0,,,1,20,,18908,0,,,1,60,,18909,0,,,1,20,,18910,0,,,1,20,,18911,0,,,1,60,,18912,0,,,1,20,,18913,0,,,1,20,,18914,0,,,1,60,,18915,0,,,1,20,,18916,0,,,1,20,,18917,0,,,1,60,,18918,0,,,1,20,,18919,0,,,1,20,,18920,0,,,1,60,,18921,0,,,1,20,,18922,0,,,1,80,,18923,0,,,1,40,,18924,0,,,1,80,,18925,0,,,1,80,,18926,0,,,1,40,,18927,0,,,1
2021930000,'24614',30,,18928,0,,,1,100,,18929,0,,,1,100,,18930,0,,,1,100,,18931,0,,,1,100,,18932,0,,,1,100,,18933,0,,,1,90,,18934,0,,,1,80,,18935,0,,,1,40,,18936,0,,,1,60,,18937,0,,,1,20,,18938,0,,,1,20,,18939,0,,,1,60,,18940,0,,,1,20,,18941,0,,,1,20,,18942,0,,,1,60,,18943,0,,,1,20,,18944,0,,,1,20,,18945,0,,,1,60,,18946,0,,,1,20,,18947,0,,,1,20,,18948,0,,,1,60,,18949,0,,,1,20,,18950,0,,,1,20,,18951,0,,,1,60,,18952,0,,,1,20,,18953,0,,,1,20,,18954,0,,,1,60,,18955,0,,,1,20,,18956,0,,,1,20,,18957,0,,,1,60,,18958,0,,,1,20,,18959,0,,,1,20,,18960,0,,,1,60,,18961,0,,,1,20,,18962,0,,,1,20,,18963,0,,,1,60,,18964,0,,,1,20,,18965,0,,,1,20,,18966,0,,,1,60,,18967,0,,,1,20,,18968,0,,,1,20,,18969,0,,,1,60,,18970,0,,,1,20,,18971,0,,,1,20,,18972,0,,,1,60,,18973,0,,,1,20,,18974,0,,,1,80,,18975,0,,,1,40,,18976,0,,,1,80,,18977,0,,,1,80,,18978,0,,,1,40,,18979,0,,,1
2021930000,'24615',30,,18980,0,,,1,100,,18981,0,,,1,100,,18982,0,,,1,100,,18983,0,,,1,100,,18984,0,,,1,110,,18985,0,,,1,80,,18986,0,,,1,80,,18987,0,,,1,40,,18988,0,,,1,60,,18989,0,,,1,20,,18990,0,,,1,20,,18991,0,,,1,60,,18992,0,,,1,20,,18993,0,,,1,20,,18994,0,,,1,60,,18995,0,,,1,20,,18996,0,,,1,20,,18997,0,,,1,60,,18998,0,,,1,20,,18999,0,,,1,20,,19000,0,,,1,60,,19001,0,,,1,20,,19002,0,,,1,20,,19003,0,,,1,60,,19004,0,,,1,20,,19005,0,,,1,20,,19006,0,,,1,60,,19007,0,,,1,20,,19008,0,,,1,20,,19009,0,,,1,60,,19010,0,,,1,20,,19011,0,,,1,20,,19012,0,,,1,60,,19013,0,,,1,20,,19014,0,,,1,20,,19015,0,,,1,60,,19016,0,,,1,20,,19017,0,,,1,20,,19018,0,,,1,60,,19019,0,,,1,20,,19020,0,,,1,20,,19021,0,,,1,60,,19022,0,,,1,20,,19023,0,,,1,20,,19024,0,,,1,60,,19025,0,,,1,20,,19026,0,,,1,80,,19027,0,,,1,40,,19028,0,,,1,80,,19029,0,,,1,80,,19030,0,,,1,40,,19031,0,,,1
2021930000,'24616',30,,19032,0,,,1,100,,19033,0,,,1,100,,19034,0,,,1,100,,19035,0,,,1,100,,19036,0,,,1,110,,19037,0,,,1,80,,19038,0,,,1,80,,19039,0,,,1,40,,19040,0,,,1,60,,19041,0,,,1,20,,19042,0,,,1,20,,19043,0,,,1,60,,19044,0,,,1,20,,19045,0,,,1,20,,19046,0,,,1,60,,19047,0,,,1,20,,19048,0,,,1,20,,19049,0,,,1,60,,19050,0,,,1,20,,19051,0,,,1,20,,19052,0,,,1,60,,19053,0,,,1,20,,19054,0,,,1,20,,19055,0,,,1,60,,19056,0,,,1,20,,19057,0,,,1,20,,19058,0,,,1,60,,19059,0,,,1,20,,19060,0,,,1,20,,19061,0,,,1,60,,19062,0,,,1,20,,19063,0,,,1,20,,19064,0,,,1,60,,19065,0,,,1,20,,19066,0,,,1,20,,19067,0,,,1,60,,19068,0,,,1,20,,19069,0,,,1,20,,19070,0,,,1,60,,19071,0,,,1,20,,19072,0,,,1,20,,19073,0,,,1,60,,19074,0,,,1,20,,19075,0,,,1,20,,19076,0,,,1,60,,19077,0,,,1,20,,19078,0,,,1,80,,19079,0,,,1,40,,19080,0,,,1,80,,19081,0,,,1,80,,19082,0,,,1,40,,19083,0,,,1
2021930000,'24617',30,,19084,0,,,1,100,,19085,0,,,1,100,,19086,0,,,1,100,,19087,0,,,1,100,,19088,0,,,1,110,,19089,0,,,1,80,,19090,0,,,1,80,,19091,0,,,1,40,,19092,0,,,1,60,,19093,0,,,1,20,,19094,0,,,1,20,,19095,0,,,1,60,,19096,0,,,1,20,,19097,0,,,1,20,,19098,0,,,1,60,,19099,0,,,1,20,,19100,0,,,1,20,,19101,0,,,1,60,,19102,0,,,1,20,,19103,0,,,1,20,,19104,0,,,1,60,,19105,0,,,1,20,,19106,0,,,1,20,,19107,0,,,1,60,,19108,0,,,1,20,,19109,0,,,1,20,,19110,0,,,1,60,,19111,0,,,1,20,,19112,0,,,1,20,,19113,0,,,1,60,,19114,0,,,1,20,,19115,0,,,1,20,,19116,0,,,1,60,,19117,0,,,1,20,,19118,0,,,1,20,,19119,0,,,1,60,,19120,0,,,1,20,,19121,0,,,1,20,,19122,0,,,1,60,,19123,0,,,1,20,,19124,0,,,1,20,,19125,0,,,1,60,,19126,0,,,1,20,,19127,0,,,1,20,,19128,0,,,1,60,,19129,0,,,1,20,,19130,0,,,1,80,,19131,0,,,1,40,,19132,0,,,1,80,,19133,0,,,1,80,,19134,0,,,1,40,,19135,0,,,1
2021930000,'24618',30,,19136,0,,,1,100,,19137,0,,,1,100,,19138,0,,,1,100,,19139,0,,,1,100,,19140,0,,,1,110,,19141,0,,,1,80,,19142,0,,,1,80,,19143,0,,,1,40,,19144,0,,,1,60,,19145,0,,,1,20,,19146,0,,,1,20,,19147,0,,,1,60,,19148,0,,,1,20,,19149,0,,,1,20,,19150,0,,,1,60,,19151,0,,,1,20,,19152,0,,,1,20,,19153,0,,,1,60,,19154,0,,,1,20,,19155,0,,,1,20,,19156,0,,,1,60,,19157,0,,,1,20,,19158,0,,,1,20,,19159,0,,,1,60,,19160,0,,,1,20,,19161,0,,,1,20,,19162,0,,,1,60,,19163,0,,,1,20,,19164,0,,,1,20,,19165,0,,,1,60,,19166,0,,,1,20,,19167,0,,,1,20,,19168,0,,,1,60,,19169,0,,,1,20,,19170,0,,,1,20,,19171,0,,,1,60,,19172,0,,,1,20,,19173,0,,,1,20,,19174,0,,,1,60,,19175,0,,,1,20,,19176,0,,,1,20,,19177,0,,,1,60,,19178,0,,,1,20,,19179,0,,,1,20,,19180,0,,,1,60,,19181,0,,,1,20,,19182,0,,,1,80,,19183,0,,,1,40,,19184,0,,,1,80,,19185,0,,,1,80,,19186,0,,,1,40,,19187,0,,,1
2021930000,'24619',30,,19188,0,,,1,100,,19189,0,,,1,100,,19190,0,,,1,100,,19191,0,,,1,100,,19192,0,,,1,110,,19193,0,,,1,80,,19194,0,,,1,80,,19195,0,,,1,40,,19196,0,,,1,60,,19197,0,,,1,20,,19198,0,,,1,20,,19199,0,,,1,60,,19200,0,,,1,20,,19201,0,,,1,20,,19202,0,,,1,60,,19203,0,,,1,20,,19204,0,,,1,20,,19205,0,,,1,60,,19206,0,,,1,20,,19207,0,,,1,20,,19208,0,,,1,60,,19209,0,,,1,20,,19210,0,,,1,20,,19211,0,,,1,60,,19212,0,,,1,20,,19213,0,,,1,20,,19214,0,,,1,60,,19215,0,,,1,20,,19216,0,,,1,20,,19217,0,,,1,60,,19218,0,,,1,20,,19219,0,,,1,20,,19220,0,,,1,60,,19221,0,,,1,20,,19222,0,,,1,20,,19223,0,,,1,60,,19224,0,,,1,20,,19225,0,,,1,20,,19226,0,,,1,60,,19227,0,,,1,20,,19228,0,,,1,20,,19229,0,,,1,60,,19230,0,,,1,20,,19231,0,,,1,20,,19232,0,,,1,60,,19233,0,,,1,20,,19234,0,,,1,80,,19235,0,,,1,40,,19236,0,,,1,80,,19237,0,,,1,80,,19238,0,,,1,40,,19239,0,,,1
2021930000,'24620',30,,19240,0,,,1,100,,19241,0,,,1,100,,19242,0,,,1,100,,19243,0,,,1,100,,19244,0,,,1,100,,19245,0,,,1,90,,19246,0,,,1,80,,19247,0,,,1,40,,19248,0,,,1,60,,19249,0,,,1,20,,19250,0,,,1,20,,19251,0,,,1,60,,19252,0,,,1,20,,19253,0,,,1,20,,19254,0,,,1,60,,19255,0,,,1,20,,19256,0,,,1,20,,19257,0,,,1,60,,19258,0,,,1,20,,19259,0,,,1,20,,19260,0,,,1,60,,19261,0,,,1,20,,19262,0,,,1,20,,19263,0,,,1,60,,19264,0,,,1,20,,19265,0,,,1,20,,19266,0,,,1,60,,19267,0,,,1,20,,19268,0,,,1,20,,19269,0,,,1,60,,19270,0,,,1,20,,19271,0,,,1,20,,19272,0,,,1,60,,19273,0,,,1,20,,19274,0,,,1,20,,19275,0,,,1,60,,19276,0,,,1,20,,19277,0,,,1,20,,19278,0,,,1,60,,19279,0,,,1,20,,19280,0,,,1,20,,19281,0,,,1,60,,19282,0,,,1,20,,19283,0,,,1,20,,19284,0,,,1,60,,19285,0,,,1,20,,19286,0,,,1,80,,19287,0,,,1,40,,19288,0,,,1,80,,19289,0,,,1,80,,19290,0,,,1,40,,19291,0,,,1
2021930000,'24653',30,,19424,0,,,1,100,,19425,0,,,1,100,,19426,0,,,1,100,,19427,0,,,1,100,,19428,0,,,1,110,,19429,0,,,1,80,,19430,0,,,1,80,,19431,0,,,1,40,,19432,0,,,1,80,,19433,0,,,1,80,,19434,0,,,1,40,,19435,0,,,1,80,,19436,0,,,1,20,,19437,0,,,1,60,,19438,0,,,1,20,,19439,0,,,1,20,,19440,0,,,1,60,,19441,0,,,1,20,,19442,0,,,1,20,,19443,0,,,1,60,,19444,0,,,1,20,,19445,0,,,1,20,,19446,0,,,1,60,,19447,0,,,1,20,,19448,0,,,1,20,,19449,0,,,1,60,,19450,0,,,1,20,,19451,0,,,1,20,,19452,0,,,1,60,,19453,0,,,1,20,,19454,0,,,1,20,,19455,0,,,1,60,,19456,0,,,1,20,,19457,0,,,1,20,,19458,0,,,1,80,,19459,0,,,1,80,,19460,0,,,1,40,,19461,0,,,1,80,,19462,0,,,1,80,,19463,0,,,1,40,,19464,0,,,1,80,,19465,0,,,1,80,,19466,0,,,1,40,,19467,0,,,1
2021930000,'24654',30,,19468,0,,,1,100,,19469,0,,,1,100,,19470,0,,,1,100,,19471,0,,,1,100,,19472,0,,,1,100,,19473,0,,,1,90,,19474,0,,,1,80,,19475,0,,,1,40,,19476,0,,,1,80,,19477,0,,,1,80,,19478,0,,,1,40,,19479,0,,,1,80,,19480,0,,,1,20,,19481,0,,,1,60,,19482,0,,,1,20,,19483,0,,,1,20,,19484,0,,,1,60,,19485,0,,,1,20,,19486,0,,,1,20,,19487,0,,,1,60,,19488,0,,,1,20,,19489,0,,,1,20,,19490,0,,,1,60,,19491,0,,,1,20,,19492,0,,,1,20,,19493,0,,,1,60,,19494,0,,,1,20,,19495,0,,,1,20,,19496,0,,,1,60,,19497,0,,,1,20,,19498,0,,,1,20,,19499,0,,,1,60,,19500,0,,,1,20,,19501,0,,,1,20,,19502,0,,,1,80,,19503,0,,,1,80,,19504,0,,,1,40,,19505,0,,,1,80,,19506,0,,,1,80,,19507,0,,,1,40,,19508,0,,,1,80,,19509,0,,,1,80,,19510,0,,,1,40,,19511,0,,,1
2021930001,'23907',10,,19512,1,4,,1,100,,19513,1,4,,1,100,,19514,1,4,,1,100,,19515,1,4,,1,100,,19516,1,4,,1,100,,19517,1,4,,1,100,,19518,1,4,,1,40,,19519,1,4,,1,80,,19520,1,4,,1,80,,19521,1,4,,1,40,,19522,1,4,,1,80,,19523,1,4,,1,20,,19524,1,4,,1,60,,19525,1,4,,1,20,,19526,1,4,,1,20,,19527,1,4,,1,60,,19528,1,4,,1,20,,19529,1,4,,1,20,,19530,1,4,,1,60,,19531,1,4,,1,20,,19532,1,4,,1,20,,19533,1,4,,1,60,,19534,1,4,,1,20,,19535,1,4,,1,20,,19536,1,4,,1,60,,19537,1,4,,1,20,,19538,1,4,,1,20,,19539,1,4,,1,60,,19540,1,4,,1,20,,19541,1,4,,1,20,,19542,1,4,,1,60,,19543,1,4,,1,20,,19544,1,4,,1,20,,19545,1,4,,1,60,,19546,1,4,,1,20,,19547,1,4,,1,20,,19548,1,4,,1,60,,19549,1,4,,1,20,,19550,1,4,,1,20,,19551,1,4,,1,60,,19552,1,4,,1,20,,19553,1,4,,1,20,,19554,1,4,,1,60,,19555,1,4,,1,40,,19556,1,4,,1,80,,19557,1,4,,1,80,,19558,1,4,,1,40,,19559,1,4,,1,80,,19560,1,4,,1
2021930001,'23908',10,,19561,1,4,,1,100,,19562,1,4,,1,100,,19563,1,4,,1,100,,19564,1,4,,1,100,,19565,1,4,,1,100,,19566,1,4,,1,100,,19567,1,4,,1,40,,19568,1,4,,1,80,,19569,1,4,,1,20,,19570,1,4,,1,60,,19571,1,4,,1,20,,19572,1,4,,1,20,,19573,1,4,,1,80,,19574,1,4,,1,20,,19575,1,4,,1,60,,19576,1,4,,1,20,,19577,1,4,,1,20,,19578,1,4,,1,60,,19579,1,4,,1,20,,19580,1,4,,1,20,,19581,1,4,,1,60,,19582,1,4,,1,20,,19583,1,4,,1,20,,19584,1,4,,1,60,,19585,1,4,,1,20,,19586,1,4,,1,20,,19587,1,4,,1,60,,19588,1,4,,1,20,,19589,1,4,,1,20,,19590,1,4,,1,60,,19591,1,4,,1,20,,19592,1,4,,1,20,,19593,1,4,,1,60,,19594,1,4,,1,20,,19595,1,4,,1,20,,19596,1,4,,1,60,,19597,1,4,,1,20,,19598,1,4,,1,20,,19599,1,4,,1,60,,19600,1,4,,1,20,,19601,1,4,,1,20,,19602,1,4,,1,60,,19603,1,4,,1,20,,19604,1,4,,1,20,,19605,1,4,,1,60,,19606,1,4,,1,40,,19607,1,4,,1,80,,19608,1,4,,1,80,,19609,1,4,,1,40,,19610,1,4,,1,80,,19611,1,4,,1
2021930001,'23909',10,,19612,1,4,,1,100,,19613,1,4,,1,100,,19614,1,4,,1,100,,19615,1,4,,1,100,,19616,1,4,,1,100,,19617,1,4,,1,100,,19618,1,4,,1,40,,19619,1,4,,1,80,,19620,1,4,,1,20,,19621,1,4,,1,60,,19622,1,4,,1,20,,19623,1,4,,1,20,,19624,1,4,,1,80,,19625,1,4,,1,20,,19626,1,4,,1,60,,19627,1,4,,1,20,,19628,1,4,,1,20,,19629,1,4,,1,60,,19630,1,4,,1,20,,19631,1,4,,1,20,,19632,1,4,,1,60,,19633,1,4,,1,20,,19634,1,4,,1,20,,19635,1,4,,1,60,,19636,1,4,,1,20,,19637,1,4,,1,20,,19638,1,4,,1,60,,19639,1,4,,1,20,,19640,1,4,,1,20,,19641,1,4,,1,60,,19642,1,4,,1,20,,19643,1,4,,1,20,,19644,1,4,,1,60,,19645,1,4,,1,20,,19646,1,4,,1,20,,19647,1,4,,1,60,,19648,1,4,,1,20,,19649,1,4,,1,20,,19650,1,4,,1,60,,19651,1,4,,1,20,,19652,1,4,,1,20,,19653,1,4,,1,60,,19654,1,4,,1,20,,19655,1,4,,1,20,,19656,1,4,,1,60,,19657,1,4,,1,40,,19658,1,4,,1,80,,19659,1,4,,1,80,,19660,1,4,,1,40,,19661,1,4,,1,80,,19662,1,4,,1
2021930001,'23910',10,,19663,1,4,,1,100,,19664,1,4,,1,100,,19665,1,4,,1,100,,19666,1,4,,1,100,,19667,1,4,,1,100,,19668,1,4,,1,100,,19669,1,4,,1,40,,19670,1,4,,1,80,,19671,1,4,,1,20,,19672,1,4,,1,60,,19673,1,4,,1,20,,19674,1,4,,1,20,,19675,1,4,,1,80,,19676,1,4,,1,20,,19677,1,4,,1,60,,19678,1,4,,1,20,,19679,1,4,,1,20,,19680,1,4,,1,60,,19681,1,4,,1,20,,19682,1,4,,1,20,,19683,1,4,,1,60,,19684,1,4,,1,20,,19685,1,4,,1,20,,19686,1,4,,1,60,,19687,1,4,,1,20,,19688,1,4,,1,20,,19689,1,4,,1,60,,19690,1,4,,1,20,,19691,1,4,,1,20,,19692,1,4,,1,60,,19693,1,4,,1,20,,19694,1,4,,1,20,,19695,1,4,,1,60,,19696,1,4,,1,20,,19697,1,4,,1,20,,19698,1,4,,1,60,,19699,1,4,,1,20,,19700,1,4,,1,20,,19701,1,4,,1,60,,19702,1,4,,1,20,,19703,1,4,,1,20,,19704,1,4,,1,60,,19705,1,4,,1,20,,19706,1,4,,1,20,,19707,1,4,,1,60,,19708,1,4,,1,40,,19709,1,4,,1,80,,19710,1,4,,1,80,,19711,1,4,,1,40,,19712,1,4,,1,80,,19713,1,4,,1
2021930001,'23911',10,,19714,1,4,,1,100,,19715,1,4,,1,100,,19716,1,4,,1,100,,19717,1,4,,1,100,,19718,1,4,,1,100,,19719,1,4,,1,100,,19720,1,4,,1,40,,19721,1,4,,1,80,,19722,1,4,,1,20,,19723,1,4,,1,60,,19724,1,4,,1,20,,19725,1,4,,1,20,,19726,1,4,,1,80,,19727,1,4,,1,20,,19728,1,4,,1,60,,19729,1,4,,1,20,,19730,1,4,,1,20,,19731,1,4,,1,60,,19732,1,4,,1,20,,19733,1,4,,1,20,,19734,1,4,,1,60,,19735,1,4,,1,20,,19736,1,4,,1,20,,19737,1,4,,1,60,,19738,1,4,,1,20,,19739,1,4,,1,20,,19740,1,4,,1,60,,19741,1,4,,1,20,,19742,1,4,,1,20,,19743,1,4,,1,60,,19744,1,4,,1,20,,19745,1,4,,1,20,,19746,1,4,,1,60,,19747,1,4,,1,20,,19748,1,4,,1,20,,19749,1,4,,1,60,,19750,1,4,,1,20,,19751,1,4,,1,20,,19752,1,4,,1,60,,19753,1,4,,1,20,,19754,1,4,,1,20,,19755,1,4,,1,60,,19756,1,4,,1,20,,19757,1,4,,1,20,,19758,1,4,,1,60,,19759,1,4,,1,40,,19760,1,4,,1,80,,19761,1,4,,1,80,,19762,1,4,,1,40,,19763,1,4,,1,80,,19764,1,4,,1
2021930001,'23912',10,,19765,1,4,,1,100,,19766,1,4,,1,100,,19767,1,4,,1,100,,19768,1,4,,1,100,,19769,1,4,,1,100,,19770,1,4,,1,100,,19771,1,4,,1,40,,19772,1,4,,1,80,,19773,1,4,,1,20,,19774,1,4,,1,60,,19775,1,4,,1,20,,19776,1,4,,1,20,,19777,1,4,,1,80,,19778,1,4,,1,20,,19779,1,4,,1,60,,19780,1,4,,1,20,,19781,1,4,,1,20,,19782,1,4,,1,60,,19783,1,4,,1,20,,19784,1,4,,1,20,,19785,1,4,,1,60,,19786,1,4,,1,20,,19787,1,4,,1,20,,19788,1,4,,1,60,,19789,1,4,,1,20,,19790,1,4,,1,20,,19791,1,4,,1,60,,19792,1,4,,1,20,,19793,1,4,,1,20,,19794,1,4,,1,60,,19795,1,4,,1,20,,19796,1,4,,1,20,,19797,1,4,,1,60,,19798,1,4,,1,20,,19799,1,4,,1,20,,19800,1,4,,1,60,,19801,1,4,,1,20,,19802,1,4,,1,20,,19803,1,4,,1,60,,19804,1,4,,1,20,,19805,1,4,,1,20,,19806,1,4,,1,60,,19807,1,4,,1,20,,19808,1,4,,1,20,,19809,1,4,,1,60,,19810,1,4,,1,40,,19811,1,4,,1,80,,19812,1,4,,1,80,,19813,1,4,,1,40,,19814,1,4,,1,80,,19815,1,4,,1
2021930001,'23913',10,,19816,1,4,,1,100,,19817,1,4,,1,100,,19818,1,4,,1,100,,19819,1,4,,1,100,,19820,1,4,,1,100,,19821,1,4,,1,100,,19822,1,4,,1,40,,19823,1,4,,1,80,,19824,1,4,,1,80,,19825,1,4,,1,40,,19826,1,4,,1,80,,19827,1,4,,1,20,,19828,1,4,,1,60,,19829,1,4,,1,20,,19830,1,4,,1,20,,19831,1,4,,1,60,,19832,1,4,,1,20,,19833,1,4,,1,20,,19834,1,4,,1,60,,19835,1,4,,1,20,,19836,1,4,,1,20,,19837,1,4,,1,60,,19838,1,4,,1,20,,19839,1,4,,1,20,,19840,1,4,,1,60,,19841,1,4,,1,20,,19842,1,4,,1,20,,19843,1,4,,1,60,,19844,1,4,,1,20,,19845,1,4,,1,20,,19846,1,4,,1,60,,19847,1,4,,1,20,,19848,1,4,,1,20,,19849,1,4,,1,60,,19850,1,4,,1,20,,19851,1,4,,1,20,,19852,1,4,,1,60,,19853,1,4,,1,20,,19854,1,4,,1,20,,19855,1,4,,1,60,,19856,1,4,,1,20,,19857,1,4,,1,20,,19858,1,4,,1,60,,19859,1,4,,1,40,,19860,1,4,,1,80,,19861,1,4,,1,80,,19862,1,4,,1,40,,19863,1,4,,1,80,,19864,1,4,,1
2021930001,'24607',10,,19865,1,4,,1,100,,19866,1,4,,1,100,,19867,1,4,,1,100,,19868,1,4,,1,100,,19869,1,4,,1,100,,19870,1,4,,1,100,,19871,1,4,,1,40,,19872,1,4,,1,80,,19873,1,4,,1,20,,19874,1,4,,1,60,,19875,1,4,,1,20,,19876,1,4,,1,20,,19877,1,4,,1,60,,19878,1,4,,1,20,,19879,1,4,,1,20,,19880,1,4,,1,60,,19881,1,4,,1,20,,19882,1,4,,1,20,,19883,1,4,,1,60,,19884,1,4,,1,20,,19885,1,4,,1,20,,19886,1,4,,1,60,,19887,1,4,,1,20,,19888,1,4,,1,20,,19889,1,4,,1,60,,19890,1,4,,1,20,,19891,1,4,,1,20,,19892,1,4,,1,60,,19893,1,4,,1,20,,19894,1,4,,1,20,,19895,1,4,,1,60,,19896,1,4,,1,20,,19897,1,4,,1,20,,19898,1,4,,1,60,,19899,1,4,,1,20,,19900,1,4,,1,20,,19901,1,4,,1,60,,19902,1,4,,1,20,,19903,1,4,,1,20,,19904,1,4,,1,60,,19905,1,4,,1,20,,19906,1,4,,1,20,,19907,1,4,,1,60,,19908,1,4,,1,20,,19909,1,4,,1,20,,19910,1,4,,1,60,,19911,1,4,,1,40,,19912,1,4,,1,80,,19913,1,4,,1,80,,19914,1,4,,1,40,,19915,1,4,,1,80,,19916,1,4,,1
2021930001,'24608',10,,19917,1,4,,1,100,,19918,1,4,,1,100,,19919,1,4,,1,100,,19920,1,4,,1,100,,19921,1,4,,1,100,,19922,1,4,,1,100,,19923,1,4,,1,40,,19924,1,4,,1,80,,19925,1,4,,1,20,,19926,1,4,,1,60,,19927,1,4,,1,20,,19928,1,4,,1,20,,19929,1,4,,1,60,,19930,1,4,,1,20,,19931,1,4,,1,20,,19932,1,4,,1,60,,19933,1,4,,1,20,,19934,1,4,,1,20,,19935,1,4,,1,60,,19936,1,4,,1,20,,19937,1,4,,1,20,,19938,1,4,,1,60,,19939,1,4,,1,20,,19940,1,4,,1,20,,19941,1,4,,1,60,,19942,1,4,,1,20,,19943,1,4,,1,20,,19944,1,4,,1,60,,19945,1,4,,1,20,,19946,1,4,,1,20,,19947,1,4,,1,60,,19948,1,4,,1,20,,19949,1,4,,1,20,,19950,1,4,,1,60,,19951,1,4,,1,20,,19952,1,4,,1,20,,19953,1,4,,1,60,,19954,1,4,,1,20,,19955,1,4,,1,20,,19956,1,4,,1,60,,19957,1,4,,1,20,,19958,1,4,,1,20,,19959,1,4,,1,60,,19960,1,4,,1,20,,19961,1,4,,1,20,,19962,1,4,,1,60,,19963,1,4,,1,40,,19964,1,4,,1,80,,19965,1,4,,1,80,,19966,1,4,,1,40,,19967,1,4,,1,80,,19968,1,4,,1
2021930001,'24609',10,,19969,1,4,,1,100,,19970,1,4,,1,100,,19971,1,4,,1,100,,19972,1,4,,1,100,,19973,1,4,,1,100,,19974,1,4,,1,100,,19975,1,4,,1,40,,19976,1,4,,1,80,,19977,1,4,,1,20,,19978,1,4,,1,60,,19979,1,4,,1,20,,19980,1,4,,1,20,,19981,1,4,,1,60,,19982,1,4,,1,20,,19983,1,4,,1,20,,19984,1,4,,1,60,,19985,1,4,,1,20,,19986,1,4,,1,20,,19987,1,4,,1,60,,19988,1,4,,1,20,,19989,1,4,,1,20,,19990,1,4,,1,60,,19991,1,4,,1,20,,19992,1,4,,1,20,,19993,1,4,,1,60,,19994,1,4,,1,20,,19995,1,4,,1,20,,19996,1,4,,1,60,,19997,1,4,,1,20,,19998,1,4,,1,20,,19999,1,4,,1,60,,20000,1,4,,1,20,,20001,1,4,,1,20,,20002,1,4,,1,60,,20003,1,4,,1,20,,20004,1,4,,1,20,,20005,1,4,,1,60,,20006,1,4,,1,20,,20007,1,4,,1,20,,20008,1,4,,1,60,,20009,1,4,,1,20,,20010,1,4,,1,20,,20011,1,4,,1,60,,20012,1,4,,1,20,,20013,1,4,,1,20,,20014,1,4,,1,60,,20015,1,4,,1,40,,20016,1,4,,1,80,,20017,1,4,,1,80,,20018,1,4,,1,40,,20019,1,4,,1,80,,20020,1,4,,1
2021930001,'24610',10,,20021,1,4,,1,100,,20022,1,4,,1,100,,20023,1,4,,1,100,,20024,1,4,,1,100,,20025,1,4,,1,100,,20026,1,4,,1,100,,20027,1,4,,1,40,,20028,1,4,,1,80,,20029,1,4,,1,20,,20030,1,4,,1,60,,20031,1,4,,1,20,,20032,1,4,,1,20,,20033,1,4,,1,60,,20034,1,4,,1,20,,20035,1,4,,1,20,,20036,1,4,,1,60,,20037,1,4,,1,20,,20038,1,4,,1,20,,20039,1,4,,1,60,,20040,1,4,,1,20,,20041,1,4,,1,20,,20042,1,4,,1,60,,20043,1,4,,1,20,,20044,1,4,,1,20,,20045,1,4,,1,60,,20046,1,4,,1,20,,20047,1,4,,1,20,,20048,1,4,,1,60,,20049,1,4,,1,20,,20050,1,4,,1,20,,20051,1,4,,1,60,,20052,1,4,,1,20,,20053,1,4,,1,20,,20054,1,4,,1,60,,20055,1,4,,1,20,,20056,1,4,,1,20,,20057,1,4,,1,60,,20058,1,4,,1,20,,20059,1,4,,1,20,,20060,1,4,,1,60,,20061,1,4,,1,20,,20062,1,4,,1,20,,20063,1,4,,1,60,,20064,1,4,,1,20,,20065,1,4,,1,20,,20066,1,4,,1,60,,20067,1,4,,1,40,,20068,1,4,,1,80,,20069,1,4,,1,80,,20070,1,4,,1,40,,20071,1,4,,1,80,,20072,1,4,,1
2021930001,'24611',10,,20073,1,4,,1,100,,20074,1,4,,1,100,,20075,1,4,,1,100,,20076,1,4,,1,100,,20077,1,4,,1,100,,20078,1,4,,1,100,,20079,1,4,,1,40,,20080,1,4,,1,80,,20081,1,4,,1,20,,20082,1,4,,1,60,,20083,1,4,,1,20,,20084,1,4,,1,20,,20085,1,4,,1,60,,20086,1,4,,1,20,,20087,1,4,,1,20,,20088,1,4,,1,60,,20089,1,4,,1,20,,20090,1,4,,1,20,,20091,1,4,,1,60,,20092,1,4,,1,20,,20093,1,4,,1,20,,20094,1,4,,1,60,,20095,1,4,,1,20,,20096,1,4,,1,20,,20097,1,4,,1,60,,20098,1,4,,1,20,,20099,1,4,,1,20,,20100,1,4,,1,60,,20101,1,4,,1,20,,20102,1,4,,1,20,,20103,1,4,,1,60,,20104,1,4,,1,20,,20105,1,4,,1,20,,20106,1,4,,1,60,,20107,1,4,,1,20,,20108,1,4,,1,20,,20109,1,4,,1,60,,20110,1,4,,1,20,,20111,1,4,,1,20,,20112,1,4,,1,60,,20113,1,4,,1,20,,20114,1,4,,1,20,,20115,1,4,,1,60,,20116,1,4,,1,20,,20117,1,4,,1,20,,20118,1,4,,1,60,,20119,1,4,,1,40,,20120,1,4,,1,80,,20121,1,4,,1,80,,20122,1,4,,1,40,,20123,1,4,,1,80,,20124,1,4,,1
2021930001,'24612',10,,20125,1,4,,1,100,,20126,1,4,,1,100,,20127,1,4,,1,100,,20128,1,4,,1,100,,20129,1,4,,1,100,,20130,1,4,,1,100,,20131,1,4,,1,40,,20132,1,4,,1,80,,20133,1,4,,1,20,,20134,1,4,,1,60,,20135,1,4,,1,20,,20136,1,4,,1,20,,20137,1,4,,1,60,,20138,1,4,,1,20,,20139,1,4,,1,20,,20140,1,4,,1,60,,20141,1,4,,1,20,,20142,1,4,,1,20,,20143,1,4,,1,60,,20144,1,4,,1,20,,20145,1,4,,1,20,,20146,1,4,,1,60,,20147,1,4,,1,20,,20148,1,4,,1,20,,20149,1,4,,1,60,,20150,1,4,,1,20,,20151,1,4,,1,20,,20152,1,4,,1,60,,20153,1,4,,1,20,,20154,1,4,,1,20,,20155,1,4,,1,60,,20156,1,4,,1,20,,20157,1,4,,1,20,,20158,1,4,,1,60,,20159,1,4,,1,20,,20160,1,4,,1,20,,20161,1,4,,1,60,,20162,1,4,,1,20,,20163,1,4,,1,20,,20164,1,4,,1,60,,20165,1,4,,1,20,,20166,1,4,,1,20,,20167,1,4,,1,60,,20168,1,4,,1,20,,20169,1,4,,1,20,,20170,1,4,,1,60,,20171,1,4,,1,40,,20172,1,4,,1,80,,20173,1,4,,1,80,,20174,1,4,,1,40,,20175,1,4,,1,80,,20176,1,4,,1
2021930001,'24613',10,,20177,1,4,,1,100,,20178,1,4,,1,100,,20179,1,4,,1,100,,20180,1,4,,1,100,,20181,1,4,,1,100,,20182,1,4,,1,100,,20183,1,4,,1,40,,20184,1,4,,1,80,,20185,1,4,,1,20,,20186,1,4,,1,60,,20187,1,4,,1,20,,20188,1,4,,1,20,,20189,1,4,,1,60,,20190,1,4,,1,20,,20191,1,4,,1,20,,20192,1,4,,1,60,,20193,1,4,,1,20,,20194,1,4,,1,20,,20195,1,4,,1,60,,20196,1,4,,1,20,,20197,1,4,,1,20,,20198,1,4,,1,60,,20199,1,4,,1,20,,20200,1,4,,1,20,,20201,1,4,,1,60,,20202,1,4,,1,20,,20203,1,4,,1,20,,20204,1,4,,1,60,,20205,1,4,,1,20,,20206,1,4,,1,20,,20207,1,4,,1,60,,20208,1,4,,1,20,,20209,1,4,,1,20,,20210,1,4,,1,60,,20211,1,4,,1,20,,20212,1,4,,1,20,,20213,1,4,,1,60,,20214,1,4,,1,20,,20215,1,4,,1,20,,20216,1,4,,1,60,,20217,1,4,,1,20,,20218,1,4,,1,20,,20219,1,4,,1,60,,20220,1,4,,1,20,,20221,1,4,,1,20,,20222,1,4,,1,60,,20223,1,4,,1,40,,20224,1,4,,1,80,,20225,1,4,,1,80,,20226,1,4,,1,40,,20227,1,4,,1,80,,20228,1,4,,1
2021930001,'24646',10,,20361,1,4,,1,100,,20362,1,4,,1,100,,20363,1,4,,1,100,,20364,1,4,,1,100,,20365,1,4,,1,100,,20366,1,4,,1,100,,20367,1,4,,1,40,,20368,1,4,,1,80,,20369,1,4,,1,80,,20370,1,4,,1,40,,20371,1,4,,1,80,,20372,1,4,,1,80,,20373,1,4,,1,20,,20374,1,4,,1,20,,20375,1,4,,1,60,,20376,1,4,,1,20,,20377,1,4,,1,20,,20378,1,4,,1,60,,20379,1,4,,1,20,,20380,1,4,,1,20,,20381,1,4,,1,60,,20382,1,4,,1,20,,20383,1,4,,1,20,,20384,1,4,,1,60,,20385,1,4,,1,20,,20386,1,4,,1,20,,20387,1,4,,1,60,,20388,1,4,,1,20,,20389,1,4,,1,20,,20390,1,4,,1,60,,20391,1,4,,1,20,,20392,1,4,,1,20,,20393,1,4,,1,60,,20394,1,4,,1,20,,20395,1,4,,1,80,,20396,1,4,,1,40,,20397,1,4,,1,80,,20398,1,4,,1,80,,20399,1,4,,1,40,,20400,1,4,,1,80,,20401,1,4,,1,80,,20402,1,4,,1,40,,20403,1,4,,1,80,,20404,1,4,,1
2021930001,'24647',10,,20405,1,4,,1,100,,20406,1,4,,1,100,,20407,1,4,,1,100,,20408,1,4,,1,100,,20409,1,4,,1,100,,20410,1,4,,1,100,,20411,1,4,,1,40,,20412,1,4,,1,80,,20413,1,4,,1,80,,20414,1,4,,1,40,,20415,1,4,,1,80,,20416,1,4,,1,80,,20417,1,4,,1,20,,20418,1,4,,1,20,,20419,1,4,,1,60,,20420,1,4,,1,20,,20421,1,4,,1,20,,20422,1,4,,1,60,,20423,1,4,,1,20,,20424,1,4,,1,20,,20425,1,4,,1,60,,20426,1,4,,1,20,,20427,1,4,,1,20,,20428,1,4,,1,60,,20429,1,4,,1,20,,20430,1,4,,1,20,,20431,1,4,,1,60,,20432,1,4,,1,20,,20433,1,4,,1,20,,20434,1,4,,1,60,,20435,1,4,,1,20,,20436,1,4,,1,20,,20437,1,4,,1,60,,20438,1,4,,1,20,,20439,1,4,,1,80,,20440,1,4,,1,40,,20441,1,4,,1,80,,20442,1,4,,1,80,,20443,1,4,,1,40,,20444,1,4,,1,80,,20445,1,4,,1,80,,20446,1,4,,1,40,,20447,1,4,,1,80,,20448,1,4,,1
