171200000,'22748',12,,12949,1,4,,1,100,,12950,1,4,,1,100,,12951,1,4,,1,400,,12952,1,4,,1,100,,12953,1,4,,1,100,,12954,1,4,,1,100,,12955,1,4,,1,100,,12956,1,4,,1,30,,12957,1,4,,1,70,,12958,1,4,,1,45,,12959,1,4,,1,55,,12960,1,4,,1,30,,12961,1,4,,1,70,,12962,1,4,,1,30,,12963,1,4,,1,70,,12964,1,4,,1,30,,12965,1,4,,1,70,,12966,1,4,,1,30,,12967,1,4,,1,70,,12968,1,4,,1,30,,12969,1,4,,1,70,,12970,1,4,,1,30,,12971,1,4,,1,70,,12972,1,4,,1,100,,12973,1,4,,1,100,,12974,1,4,,1,100,,12975,1,4,,1,100,,12976,1,4,,1,100,,12977,1,4,,1
171200000,'22749',12,,12978,1,4,,1,100,,12979,1,4,,1,100,,12980,1,4,,1,400,,12981,1,4,,1,100,,12982,1,4,,1,30,,12983,1,4,,1,70,,12984,1,4,,1,30,,12985,1,4,,1,70,,12986,1,4,,1,30,,12987,1,4,,1,70,,12988,1,4,,1,30,,12989,1,4,,1,70,,12990,1,4,,1,45,,12991,1,4,,1,55,,12992,1,4,,1,30,,12993,1,4,,1,70,,12994,1,4,,1,30,,12995,1,4,,1,70,,12996,1,4,,1,30,,12997,1,4,,1,70,,12998,1,4,,1,30,,12999,1,4,,1,70,,13000,1,4,,1,30,,13001,1,4,,1,70,,13002,1,4,,1,30,,13003,1,4,,1,70,,13004,1,4,,1,100,,13005,1,4,,1,100,,13006,1,4,,1,100,,13007,1,4,,1,100,,13008,1,4,,1,100,,13009,1,4,,1
171200000,'22750',12,,13010,1,4,,1,100,,13011,1,4,,1,100,,13012,1,4,,1,400,,13013,1,4,,1,100,,13014,1,4,,1,30,,13015,1,4,,1,70,,13016,1,4,,1,30,,13017,1,4,,1,70,,13018,1,4,,1,30,,13019,1,4,,1,70,,13020,1,4,,1,30,,13021,1,4,,1,70,,13022,1,4,,1,45,,13023,1,4,,1,55,,13024,1,4,,1,30,,13025,1,4,,1,70,,13026,1,4,,1,30,,13027,1,4,,1,70,,13028,1,4,,1,30,,13029,1,4,,1,70,,13030,1,4,,1,30,,13031,1,4,,1,70,,13032,1,4,,1,30,,13033,1,4,,1,70,,13034,1,4,,1,30,,13035,1,4,,1,70,,13036,1,4,,1,100,,13037,1,4,,1,100,,13038,1,4,,1,100,,13039,1,4,,1,100,,13040,1,4,,1,100,,13041,1,4,,1
171200000,'22751',12,,13042,1,4,,1,100,,13043,1,4,,1,100,,13044,1,4,,1,400,,13045,1,4,,1,100,,13046,1,4,,1,30,,13047,1,4,,1,70,,13048,1,4,,1,30,,13049,1,4,,1,70,,13050,1,4,,1,30,,13051,1,4,,1,70,,13052,1,4,,1,30,,13053,1,4,,1,70,,13054,1,4,,1,45,,13055,1,4,,1,55,,13056,1,4,,1,30,,13057,1,4,,1,70,,13058,1,4,,1,30,,13059,1,4,,1,70,,13060,1,4,,1,30,,13061,1,4,,1,70,,13062,1,4,,1,30,,13063,1,4,,1,70,,13064,1,4,,1,30,,13065,1,4,,1,70,,13066,1,4,,1,30,,13067,1,4,,1,70,,13068,1,4,,1,100,,13069,1,4,,1,100,,13070,1,4,,1,100,,13071,1,4,,1,100,,13072,1,4,,1,100,,13073,1,4,,1
171200000,'22752',12,,13074,1,4,,1,100,,13075,1,4,,1,100,,13076,1,4,,1,400,,13077,1,4,,1,100,,13078,1,4,,1,30,,13079,1,4,,1,70,,13080,1,4,,1,30,,13081,1,4,,1,70,,13082,1,4,,1,30,,13083,1,4,,1,70,,13084,1,4,,1,30,,13085,1,4,,1,70,,13086,1,4,,1,45,,13087,1,4,,1,55,,13088,1,4,,1,30,,13089,1,4,,1,70,,13090,1,4,,1,30,,13091,1,4,,1,70,,13092,1,4,,1,30,,13093,1,4,,1,70,,13094,1,4,,1,30,,13095,1,4,,1,70,,13096,1,4,,1,30,,13097,1,4,,1,70,,13098,1,4,,1,30,,13099,1,4,,1,70,,13100,1,4,,1,100,,13101,1,4,,1,100,,13102,1,4,,1,100,,13103,1,4,,1,100,,13104,1,4,,1,100,,13105,1,4,,1
171200000,'22753',12,,13106,1,4,,1,100,,13107,1,4,,1,100,,13108,1,4,,1,400,,13109,1,4,,1,100,,13110,1,4,,1,30,,13111,1,4,,1,70,,13112,1,4,,1,30,,13113,1,4,,1,70,,13114,1,4,,1,30,,13115,1,4,,1,70,,13116,1,4,,1,30,,13117,1,4,,1,70,,13118,1,4,,1,45,,13119,1,4,,1,55,,13120,1,4,,1,30,,13121,1,4,,1,70,,13122,1,4,,1,30,,13123,1,4,,1,70,,13124,1,4,,1,30,,13125,1,4,,1,70,,13126,1,4,,1,30,,13127,1,4,,1,70,,13128,1,4,,1,30,,13129,1,4,,1,70,,13130,1,4,,1,30,,13131,1,4,,1,70,,13132,1,4,,1,100,,13133,1,4,,1,100,,13134,1,4,,1,100,,13135,1,4,,1,100,,13136,1,4,,1,100,,13137,1,4,,1
171200000,'22754',12,,13138,1,4,,1,100,,13139,1,4,,1,100,,13140,1,4,,1,400,,13141,1,4,,1,100,,13142,1,4,,1,30,,13143,1,4,,1,70,,13144,1,4,,1,30,,13145,1,4,,1,70,,13146,1,4,,1,30,,13147,1,4,,1,70,,13148,1,4,,1,30,,13149,1,4,,1,70,,13150,1,4,,1,45,,13151,1,4,,1,55,,13152,1,4,,1,30,,13153,1,4,,1,70,,13154,1,4,,1,30,,13155,1,4,,1,70,,13156,1,4,,1,30,,13157,1,4,,1,70,,13158,1,4,,1,30,,13159,1,4,,1,70,,13160,1,4,,1,30,,13161,1,4,,1,70,,13162,1,4,,1,30,,13163,1,4,,1,70,,13164,1,4,,1,100,,13165,1,4,,1,100,,13166,1,4,,1,100,,13167,1,4,,1,100,,13168,1,4,,1,100,,13169,1,4,,1
171200000,'22792',12,,1726,1,4,,1,200,,1727,1,4,,1,400,,1728,1,4,,1,100,,1729,1,4,,1,30,,1730,1,4,,1,70,,1731,1,4,,1,30,,1732,1,4,,1,70,,1733,1,4,,1,30,,1734,1,4,,1,70,,1735,1,4,,1,30,,1736,1,4,,1,70,,1737,1,4,,1,45,,1738,1,4,,1,55,,1739,1,4,,1,30,,1740,1,4,,1,70,,1741,1,4,,1,30,,1742,1,4,,1,70,,1743,1,4,,1,30,,1744,1,4,,1,70,,1745,1,4,,1,30,,1746,1,4,,1,70,,1747,1,4,,1,30,,1748,1,4,,1,70,,1749,1,4,,1,30,,1750,1,4,,1,70,,1751,1,4,,1,100,,1752,1,4,,1,100,,1753,1,4,,1,100,,1754,1,4,,1,100,,1755,1,4,,1,100,,1756,1,4,,1
171200000,'22794',12,,1757,1,4,,1,200,,1758,1,4,,1,400,,1759,1,4,,1,100,,1760,1,4,,1,30,,1761,1,4,,1,70,,1762,1,4,,1,30,,1763,1,4,,1,70,,1764,1,4,,1,30,,1765,1,4,,1,70,,1766,1,4,,1,30,,1767,1,4,,1,70,,1768,1,4,,1,45,,1769,1,4,,1,55,,1770,1,4,,1,30,,1771,1,4,,1,70,,1772,1,4,,1,30,,1773,1,4,,1,70,,1774,1,4,,1,30,,1775,1,4,,1,70,,1776,1,4,,1,30,,1777,1,4,,1,70,,1778,1,4,,1,30,,1779,1,4,,1,70,,1780,1,4,,1,30,,1781,1,4,,1,70,,1782,1,4,,1,100,,1783,1,4,,1,100,,1784,1,4,,1,100,,1785,1,4,,1,100,,1786,1,4,,1,100,,1787,1,4,,1
171200000,'24544',12,,13170,1,4,,1,100,,13171,1,4,,1,100,,13172,1,4,,1,400,,13173,1,4,,1,100,,13174,1,4,,1,100,,13175,1,4,,1,100,,13176,1,4,,1,100,,13177,1,4,,1,30,,13178,1,4,,1,70,,13179,1,4,,1,45,,13180,1,4,,1,55,,13181,1,4,,1,30,,13182,1,4,,1,70,,13183,1,4,,1,30,,13184,1,4,,1,70,,13185,1,4,,1,30,,13186,1,4,,1,70,,13187,1,4,,1,30,,13188,1,4,,1,70,,13189,1,4,,1,30,,13190,1,4,,1,70,,13191,1,4,,1,30,,13192,1,4,,1,70,,13193,1,4,,1,100,,13194,1,4,,1,100,,13195,1,4,,1,100,,13196,1,4,,1,100,,13197,1,4,,1,100,,13198,1,4,,1
171200000,'24545',12,,13199,1,4,,1,100,,13200,1,4,,1,100,,13201,1,4,,1,400,,13202,1,4,,1,100,,13203,1,4,,1,30,,13204,1,4,,1,70,,13205,1,4,,1,30,,13206,1,4,,1,70,,13207,1,4,,1,30,,13208,1,4,,1,70,,13209,1,4,,1,30,,13210,1,4,,1,70,,13211,1,4,,1,45,,13212,1,4,,1,55,,13213,1,4,,1,30,,13214,1,4,,1,70,,13215,1,4,,1,30,,13216,1,4,,1,70,,13217,1,4,,1,30,,13218,1,4,,1,70,,13219,1,4,,1,30,,13220,1,4,,1,70,,13221,1,4,,1,30,,13222,1,4,,1,70,,13223,1,4,,1,30,,13224,1,4,,1,70,,13225,1,4,,1,100,,13226,1,4,,1,100,,13227,1,4,,1,100,,13228,1,4,,1,100,,13229,1,4,,1,100,,13230,1,4,,1
171200000,'24546',12,,13231,1,4,,1,100,,13232,1,4,,1,100,,13233,1,4,,1,400,,13234,1,4,,1,100,,13235,1,4,,1,30,,13236,1,4,,1,70,,13237,1,4,,1,30,,13238,1,4,,1,70,,13239,1,4,,1,30,,13240,1,4,,1,70,,13241,1,4,,1,30,,13242,1,4,,1,70,,13243,1,4,,1,45,,13244,1,4,,1,55,,13245,1,4,,1,30,,13246,1,4,,1,70,,13247,1,4,,1,30,,13248,1,4,,1,70,,13249,1,4,,1,30,,13250,1,4,,1,70,,13251,1,4,,1,30,,13252,1,4,,1,70,,13253,1,4,,1,30,,13254,1,4,,1,70,,13255,1,4,,1,30,,13256,1,4,,1,70,,13257,1,4,,1,100,,13258,1,4,,1,100,,13259,1,4,,1,100,,13260,1,4,,1,100,,13261,1,4,,1,100,,13262,1,4,,1
171200000,'24547',12,,13263,1,4,,1,100,,13264,1,4,,1,100,,13265,1,4,,1,400,,13266,1,4,,1,100,,13267,1,4,,1,30,,13268,1,4,,1,70,,13269,1,4,,1,30,,13270,1,4,,1,70,,13271,1,4,,1,30,,13272,1,4,,1,70,,13273,1,4,,1,30,,13274,1,4,,1,70,,13275,1,4,,1,45,,13276,1,4,,1,55,,13277,1,4,,1,30,,13278,1,4,,1,70,,13279,1,4,,1,30,,13280,1,4,,1,70,,13281,1,4,,1,30,,13282,1,4,,1,70,,13283,1,4,,1,30,,13284,1,4,,1,70,,13285,1,4,,1,30,,13286,1,4,,1,70,,13287,1,4,,1,30,,13288,1,4,,1,70,,13289,1,4,,1,100,,13290,1,4,,1,100,,13291,1,4,,1,100,,13292,1,4,,1,100,,13293,1,4,,1,100,,13294,1,4,,1
171200000,'24548',12,,13295,1,4,,1,100,,13296,1,4,,1,100,,13297,1,4,,1,400,,13298,1,4,,1,100,,13299,1,4,,1,30,,13300,1,4,,1,70,,13301,1,4,,1,30,,13302,1,4,,1,70,,13303,1,4,,1,30,,13304,1,4,,1,70,,13305,1,4,,1,30,,13306,1,4,,1,70,,13307,1,4,,1,45,,13308,1,4,,1,55,,13309,1,4,,1,30,,13310,1,4,,1,70,,13311,1,4,,1,30,,13312,1,4,,1,70,,13313,1,4,,1,30,,13314,1,4,,1,70,,13315,1,4,,1,30,,13316,1,4,,1,70,,13317,1,4,,1,30,,13318,1,4,,1,70,,13319,1,4,,1,30,,13320,1,4,,1,70,,13321,1,4,,1,100,,13322,1,4,,1,100,,13323,1,4,,1,100,,13324,1,4,,1,100,,13325,1,4,,1,100,,13326,1,4,,1
171200000,'24549',12,,13327,1,4,,1,100,,13328,1,4,,1,100,,13329,1,4,,1,400,,13330,1,4,,1,100,,13331,1,4,,1,30,,13332,1,4,,1,70,,13333,1,4,,1,30,,13334,1,4,,1,70,,13335,1,4,,1,30,,13336,1,4,,1,70,,13337,1,4,,1,30,,13338,1,4,,1,70,,13339,1,4,,1,45,,13340,1,4,,1,55,,13341,1,4,,1,30,,13342,1,4,,1,70,,13343,1,4,,1,30,,13344,1,4,,1,70,,13345,1,4,,1,30,,13346,1,4,,1,70,,13347,1,4,,1,30,,13348,1,4,,1,70,,13349,1,4,,1,30,,13350,1,4,,1,70,,13351,1,4,,1,30,,13352,1,4,,1,70,,13353,1,4,,1,100,,13354,1,4,,1,100,,13355,1,4,,1,100,,13356,1,4,,1,100,,13357,1,4,,1,100,,13358,1,4,,1
171200000,'24550',12,,13359,1,4,,1,100,,13360,1,4,,1,100,,13361,1,4,,1,400,,13362,1,4,,1,100,,13363,1,4,,1,30,,13364,1,4,,1,70,,13365,1,4,,1,30,,13366,1,4,,1,70,,13367,1,4,,1,30,,13368,1,4,,1,70,,13369,1,4,,1,30,,13370,1,4,,1,70,,13371,1,4,,1,45,,13372,1,4,,1,55,,13373,1,4,,1,30,,13374,1,4,,1,70,,13375,1,4,,1,30,,13376,1,4,,1,70,,13377,1,4,,1,30,,13378,1,4,,1,70,,13379,1,4,,1,30,,13380,1,4,,1,70,,13381,1,4,,1,30,,13382,1,4,,1,70,,13383,1,4,,1,30,,13384,1,4,,1,70,,13385,1,4,,1,100,,13386,1,4,,1,100,,13387,1,4,,1,100,,13388,1,4,,1,100,,13389,1,4,,1,100,,13390,1,4,,1
171200001,'22741',30,,13864,0,,,1,100,,13865,0,,,1,90,,13866,0,,,1,410,,13867,0,,,1,100,,13868,0,,,1,100,,13869,0,,,1,100,,13870,0,,,1,100,,13871,0,,,1,70,,13872,0,,,1,45,,13873,0,,,1,55,,13874,0,,,1,30,,13875,0,,,1,70,,13876,0,,,1,30,,13877,0,,,1,70,,13878,0,,,1,30,,13879,0,,,1,70,,13880,0,,,1,30,,13881,0,,,1,70,,13882,0,,,1,30,,13883,0,,,1,70,,13884,0,,,1,30,,13885,0,,,1,70,,13886,0,,,1,30,,13887,0,,,1,100,,13888,0,,,1,100,,13889,0,,,1,100,,13890,0,,,1,100,,13891,0,,,1,100,,13892,0,,,1
171200001,'22742',30,,13893,0,,,1,100,,13894,0,,,1,90,,13895,0,,,1,410,,13896,0,,,1,70,,13897,0,,,1,30,,13898,0,,,1,70,,13899,0,,,1,30,,13900,0,,,1,70,,13901,0,,,1,30,,13902,0,,,1,70,,13903,0,,,1,30,,13904,0,,,1,70,,13905,0,,,1,45,,13906,0,,,1,55,,13907,0,,,1,30,,13908,0,,,1,70,,13909,0,,,1,30,,13910,0,,,1,70,,13911,0,,,1,30,,13912,0,,,1,70,,13913,0,,,1,30,,13914,0,,,1,70,,13915,0,,,1,30,,13916,0,,,1,70,,13917,0,,,1,30,,13918,0,,,1,70,,13919,0,,,1,30,,13920,0,,,1,100,,13921,0,,,1,100,,13922,0,,,1,100,,13923,0,,,1,100,,13924,0,,,1,100,,13925,0,,,1
171200001,'22743',30,,13926,0,,,1,100,,13927,0,,,1,90,,13928,0,,,1,410,,13929,0,,,1,70,,13930,0,,,1,30,,13931,0,,,1,70,,13932,0,,,1,30,,13933,0,,,1,70,,13934,0,,,1,30,,13935,0,,,1,70,,13936,0,,,1,30,,13937,0,,,1,70,,13938,0,,,1,45,,13939,0,,,1,55,,13940,0,,,1,30,,13941,0,,,1,70,,13942,0,,,1,30,,13943,0,,,1,70,,13944,0,,,1,30,,13945,0,,,1,70,,13946,0,,,1,30,,13947,0,,,1,70,,13948,0,,,1,30,,13949,0,,,1,70,,13950,0,,,1,30,,13951,0,,,1,70,,13952,0,,,1,30,,13953,0,,,1,100,,13954,0,,,1,100,,13955,0,,,1,100,,13956,0,,,1,100,,13957,0,,,1,100,,13958,0,,,1
171200001,'22744',30,,13959,0,,,1,100,,13960,0,,,1,90,,13961,0,,,1,410,,13962,0,,,1,70,,13963,0,,,1,30,,13964,0,,,1,70,,13965,0,,,1,30,,13966,0,,,1,70,,13967,0,,,1,30,,13968,0,,,1,70,,13969,0,,,1,30,,13970,0,,,1,70,,13971,0,,,1,45,,13972,0,,,1,55,,13973,0,,,1,30,,13974,0,,,1,70,,13975,0,,,1,30,,13976,0,,,1,70,,13977,0,,,1,30,,13978,0,,,1,70,,13979,0,,,1,30,,13980,0,,,1,70,,13981,0,,,1,30,,13982,0,,,1,70,,13983,0,,,1,30,,13984,0,,,1,70,,13985,0,,,1,30,,13986,0,,,1,100,,13987,0,,,1,100,,13988,0,,,1,100,,13989,0,,,1,100,,13990,0,,,1,100,,13991,0,,,1
171200001,'22745',30,,13992,0,,,1,100,,13993,0,,,1,90,,13994,0,,,1,410,,13995,0,,,1,70,,13996,0,,,1,30,,13997,0,,,1,70,,13998,0,,,1,30,,13999,0,,,1,70,,14000,0,,,1,30,,14001,0,,,1,70,,14002,0,,,1,30,,14003,0,,,1,70,,14004,0,,,1,45,,14005,0,,,1,55,,14006,0,,,1,30,,14007,0,,,1,70,,14008,0,,,1,30,,14009,0,,,1,70,,14010,0,,,1,30,,14011,0,,,1,70,,14012,0,,,1,30,,14013,0,,,1,70,,14014,0,,,1,30,,14015,0,,,1,70,,14016,0,,,1,30,,14017,0,,,1,70,,14018,0,,,1,30,,14019,0,,,1,100,,14020,0,,,1,100,,14021,0,,,1,100,,14022,0,,,1,100,,14023,0,,,1,100,,14024,0,,,1
171200001,'22746',30,,14025,0,,,1,100,,14026,0,,,1,90,,14027,0,,,1,410,,14028,0,,,1,70,,14029,0,,,1,30,,14030,0,,,1,70,,14031,0,,,1,30,,14032,0,,,1,70,,14033,0,,,1,30,,14034,0,,,1,70,,14035,0,,,1,30,,14036,0,,,1,70,,14037,0,,,1,45,,14038,0,,,1,55,,14039,0,,,1,30,,14040,0,,,1,70,,14041,0,,,1,30,,14042,0,,,1,70,,14043,0,,,1,30,,14044,0,,,1,70,,14045,0,,,1,30,,14046,0,,,1,70,,14047,0,,,1,30,,14048,0,,,1,70,,14049,0,,,1,30,,14050,0,,,1,70,,14051,0,,,1,30,,14052,0,,,1,100,,14053,0,,,1,100,,14054,0,,,1,100,,14055,0,,,1,100,,14056,0,,,1,100,,14057,0,,,1
171200001,'22747',30,,14058,0,,,1,100,,14059,0,,,1,90,,14060,0,,,1,410,,14061,0,,,1,100,,14062,0,,,1,70,,14063,0,,,1,30,,14064,0,,,1,70,,14065,0,,,1,30,,14066,0,,,1,70,,14067,0,,,1,30,,14068,0,,,1,70,,14069,0,,,1,45,,14070,0,,,1,55,,14071,0,,,1,30,,14072,0,,,1,70,,14073,0,,,1,30,,14074,0,,,1,70,,14075,0,,,1,30,,14076,0,,,1,70,,14077,0,,,1,30,,14078,0,,,1,70,,14079,0,,,1,30,,14080,0,,,1,70,,14081,0,,,1,30,,14082,0,,,1,70,,14083,0,,,1,30,,14084,0,,,1,100,,14085,0,,,1,100,,14086,0,,,1,100,,14087,0,,,1,100,,14088,0,,,1,100,,14089,0,,,1
171200001,'22791',30,,2657,0,,,1,190,,2658,0,,,1,410,,2659,0,,,1,70,,2660,0,,,1,30,,2661,0,,,1,70,,2662,0,,,1,30,,2663,0,,,1,70,,2664,0,,,1,30,,2665,0,,,1,70,,2666,0,,,1,30,,2667,0,,,1,70,,2668,0,,,1,45,,2669,0,,,1,55,,2670,0,,,1,30,,2671,0,,,1,70,,2672,0,,,1,30,,2673,0,,,1,70,,2674,0,,,1,30,,2675,0,,,1,70,,2676,0,,,1,30,,2677,0,,,1,70,,2678,0,,,1,30,,2679,0,,,1,70,,2680,0,,,1,30,,2681,0,,,1,70,,2682,0,,,1,30,,2683,0,,,1,100,,2684,0,,,1,100,,2685,0,,,1,100,,2686,0,,,1,100,,2687,0,,,1,100,,2688,0,,,1
171200001,'22793',30,,2689,0,,,1,190,,2690,0,,,1,410,,2691,0,,,1,70,,2692,0,,,1,30,,2693,0,,,1,70,,2694,0,,,1,30,,2695,0,,,1,70,,2696,0,,,1,30,,2697,0,,,1,70,,2698,0,,,1,30,,2699,0,,,1,70,,2700,0,,,1,45,,2701,0,,,1,55,,2702,0,,,1,30,,2703,0,,,1,70,,2704,0,,,1,30,,2705,0,,,1,70,,2706,0,,,1,30,,2707,0,,,1,70,,2708,0,,,1,30,,2709,0,,,1,70,,2710,0,,,1,30,,2711,0,,,1,70,,2712,0,,,1,30,,2713,0,,,1,70,,2714,0,,,1,30,,2715,0,,,1,100,,2716,0,,,1,100,,2717,0,,,1,100,,2718,0,,,1,100,,2719,0,,,1,100,,2720,0,,,1
171200001,'24537',30,,14090,0,,,1,100,,14091,0,,,1,90,,14092,0,,,1,410,,14093,0,,,1,100,,14094,0,,,1,100,,14095,0,,,1,100,,14096,0,,,1,100,,14097,0,,,1,70,,14098,0,,,1,45,,14099,0,,,1,55,,14100,0,,,1,30,,14101,0,,,1,70,,14102,0,,,1,30,,14103,0,,,1,70,,14104,0,,,1,30,,14105,0,,,1,70,,14106,0,,,1,30,,14107,0,,,1,70,,14108,0,,,1,30,,14109,0,,,1,70,,14110,0,,,1,30,,14111,0,,,1,70,,14112,0,,,1,30,,14113,0,,,1,100,,14114,0,,,1,100,,14115,0,,,1,100,,14116,0,,,1,100,,14117,0,,,1,100,,14118,0,,,1
171200001,'24538',30,,14119,0,,,1,100,,14120,0,,,1,90,,14121,0,,,1,410,,14122,0,,,1,70,,14123,0,,,1,30,,14124,0,,,1,70,,14125,0,,,1,30,,14126,0,,,1,70,,14127,0,,,1,30,,14128,0,,,1,70,,14129,0,,,1,30,,14130,0,,,1,70,,14131,0,,,1,45,,14132,0,,,1,55,,14133,0,,,1,30,,14134,0,,,1,70,,14135,0,,,1,30,,14136,0,,,1,70,,14137,0,,,1,30,,14138,0,,,1,70,,14139,0,,,1,30,,14140,0,,,1,70,,14141,0,,,1,30,,14142,0,,,1,70,,14143,0,,,1,30,,14144,0,,,1,70,,14145,0,,,1,30,,14146,0,,,1,100,,14147,0,,,1,100,,14148,0,,,1,100,,14149,0,,,1,100,,14150,0,,,1,100,,14151,0,,,1
171200001,'24539',30,,14152,0,,,1,100,,14153,0,,,1,90,,14154,0,,,1,410,,14155,0,,,1,70,,14156,0,,,1,30,,14157,0,,,1,70,,14158,0,,,1,30,,14159,0,,,1,70,,14160,0,,,1,30,,14161,0,,,1,70,,14162,0,,,1,30,,14163,0,,,1,70,,14164,0,,,1,45,,14165,0,,,1,55,,14166,0,,,1,30,,14167,0,,,1,70,,14168,0,,,1,30,,14169,0,,,1,70,,14170,0,,,1,30,,14171,0,,,1,70,,14172,0,,,1,30,,14173,0,,,1,70,,14174,0,,,1,30,,14175,0,,,1,70,,14176,0,,,1,30,,14177,0,,,1,70,,14178,0,,,1,30,,14179,0,,,1,100,,14180,0,,,1,100,,14181,0,,,1,100,,14182,0,,,1,100,,14183,0,,,1,100,,14184,0,,,1
171200001,'24540',30,,14185,0,,,1,100,,14186,0,,,1,90,,14187,0,,,1,410,,14188,0,,,1,70,,14189,0,,,1,30,,14190,0,,,1,70,,14191,0,,,1,30,,14192,0,,,1,70,,14193,0,,,1,30,,14194,0,,,1,70,,14195,0,,,1,30,,14196,0,,,1,70,,14197,0,,,1,45,,14198,0,,,1,55,,14199,0,,,1,30,,14200,0,,,1,70,,14201,0,,,1,30,,14202,0,,,1,70,,14203,0,,,1,30,,14204,0,,,1,70,,14205,0,,,1,30,,14206,0,,,1,70,,14207,0,,,1,30,,14208,0,,,1,70,,14209,0,,,1,30,,14210,0,,,1,70,,14211,0,,,1,30,,14212,0,,,1,100,,14213,0,,,1,100,,14214,0,,,1,100,,14215,0,,,1,100,,14216,0,,,1,100,,14217,0,,,1
171200001,'24541',30,,14218,0,,,1,100,,14219,0,,,1,90,,14220,0,,,1,410,,14221,0,,,1,70,,14222,0,,,1,30,,14223,0,,,1,70,,14224,0,,,1,30,,14225,0,,,1,70,,14226,0,,,1,30,,14227,0,,,1,70,,14228,0,,,1,30,,14229,0,,,1,70,,14230,0,,,1,45,,14231,0,,,1,55,,14232,0,,,1,30,,14233,0,,,1,70,,14234,0,,,1,30,,14235,0,,,1,70,,14236,0,,,1,30,,14237,0,,,1,70,,14238,0,,,1,30,,14239,0,,,1,70,,14240,0,,,1,30,,14241,0,,,1,70,,14242,0,,,1,30,,14243,0,,,1,70,,14244,0,,,1,30,,14245,0,,,1,100,,14246,0,,,1,100,,14247,0,,,1,100,,14248,0,,,1,100,,14249,0,,,1,100,,14250,0,,,1
171200001,'24542',30,,14251,0,,,1,100,,14252,0,,,1,90,,14253,0,,,1,410,,14254,0,,,1,70,,14255,0,,,1,30,,14256,0,,,1,70,,14257,0,,,1,30,,14258,0,,,1,70,,14259,0,,,1,30,,14260,0,,,1,70,,14261,0,,,1,30,,14262,0,,,1,70,,14263,0,,,1,45,,14264,0,,,1,55,,14265,0,,,1,30,,14266,0,,,1,70,,14267,0,,,1,30,,14268,0,,,1,70,,14269,0,,,1,30,,14270,0,,,1,70,,14271,0,,,1,30,,14272,0,,,1,70,,14273,0,,,1,30,,14274,0,,,1,70,,14275,0,,,1,30,,14276,0,,,1,70,,14277,0,,,1,30,,14278,0,,,1,100,,14279,0,,,1,100,,14280,0,,,1,100,,14281,0,,,1,100,,14282,0,,,1,100,,14283,0,,,1
171200001,'24543',30,,14284,0,,,1,100,,14285,0,,,1,90,,14286,0,,,1,410,,14287,0,,,1,100,,14288,0,,,1,70,,14289,0,,,1,30,,14290,0,,,1,70,,14291,0,,,1,30,,14292,0,,,1,70,,14293,0,,,1,30,,14294,0,,,1,70,,14295,0,,,1,45,,14296,0,,,1,55,,14297,0,,,1,30,,14298,0,,,1,70,,14299,0,,,1,30,,14300,0,,,1,70,,14301,0,,,1,30,,14302,0,,,1,70,,14303,0,,,1,30,,14304,0,,,1,70,,14305,0,,,1,30,,14306,0,,,1,70,,14307,0,,,1,30,,14308,0,,,1,70,,14309,0,,,1,30,,14310,0,,,1,100,,14311,0,,,1,100,,14312,0,,,1,100,,14313,0,,,1,100,,14314,0,,,1,100,,14315,0,,,1
