1920091200,'24343',12,,5221,1,4,,1,100,,5222,1,4,,1,100,,5223,1,4,,1,100,,5224,1,4,,1,300,,5225,1,4,,1,100,,5226,1,4,,1,30,,5227,1,4,,1,70,,5228,1,4,,1,30,,5229,1,4,,1,70,,5230,1,4,,1,30,,5231,1,4,,1,70,,5232,1,4,,1,30,,5233,1,4,,1,70,,5234,1,4,,1,30,,5235,1,4,,1,70,,5236,1,4,,1,30,,5237,1,4,,1,70,,5238,1,4,,1,30,,5239,1,4,,1,70,,5240,1,4,,1,30,,5241,1,4,,1,70,,5242,1,4,,1,30,,5243,1,4,,1,70,,5244,1,4,,1,30,,5245,1,4,,1,70,,5246,1,4,,1,30,,5247,1,4,,1,70,,5248,1,4,,1,30,,5249,1,4,,1,70,,5250,1,4,,1,100,,5251,1,4,,1,100,,5252,1,4,,1,100,,5253,1,4,,1,100,,5254,1,4,,1
1920091200,'24344',12,,5255,1,4,,1,100,,5256,1,4,,1,100,,5257,1,4,,1,100,,5258,1,4,,1,200,,5259,1,4,,1,100,,5260,1,4,,1,30,,5261,1,4,,1,70,,5262,1,4,,1,30,,5263,1,4,,1,70,,5264,1,4,,1,30,,5265,1,4,,1,70,,5266,1,4,,1,30,,5267,1,4,,1,70,,5268,1,4,,1,30,,5269,1,4,,1,70,,5270,1,4,,1,30,,5271,1,4,,1,70,,5272,1,4,,1,30,,5273,1,4,,1,70,,5274,1,4,,1,30,,5275,1,4,,1,70,,5276,1,4,,1,30,,5277,1,4,,1,70,,5278,1,4,,1,30,,5279,1,4,,1,70,,5280,1,4,,1,30,,5281,1,4,,1,70,,5282,1,4,,1,30,,5283,1,4,,1,70,,5284,1,4,,1,100,,5285,1,4,,1,100,,5286,1,4,,1,100,,5287,1,4,,1,100,,5288,1,4,,1,100,,5289,1,4,,1
1920091200,'24345',12,,5290,1,4,,1,100,,5291,1,4,,1,100,,5292,1,4,,1,100,,5293,1,4,,1,200,,5294,1,4,,1,100,,5295,1,4,,1,30,,5296,1,4,,1,70,,5297,1,4,,1,30,,5298,1,4,,1,70,,5299,1,4,,1,30,,5300,1,4,,1,70,,5301,1,4,,1,30,,5302,1,4,,1,70,,5303,1,4,,1,30,,5304,1,4,,1,70,,5305,1,4,,1,30,,5306,1,4,,1,70,,5307,1,4,,1,30,,5308,1,4,,1,70,,5309,1,4,,1,30,,5310,1,4,,1,70,,5311,1,4,,1,30,,5312,1,4,,1,70,,5313,1,4,,1,30,,5314,1,4,,1,70,,5315,1,4,,1,30,,5316,1,4,,1,70,,5317,1,4,,1,30,,5318,1,4,,1,70,,5319,1,4,,1,100,,5320,1,4,,1,100,,5321,1,4,,1,100,,5322,1,4,,1,100,,5323,1,4,,1,100,,5324,1,4,,1
1920091200,'24346',12,,5325,1,4,,1,100,,5326,1,4,,1,100,,5327,1,4,,1,100,,5328,1,4,,1,200,,5329,1,4,,1,100,,5330,1,4,,1,30,,5331,1,4,,1,70,,5332,1,4,,1,30,,5333,1,4,,1,70,,5334,1,4,,1,30,,5335,1,4,,1,70,,5336,1,4,,1,30,,5337,1,4,,1,70,,5338,1,4,,1,30,,5339,1,4,,1,70,,5340,1,4,,1,30,,5341,1,4,,1,70,,5342,1,4,,1,30,,5343,1,4,,1,70,,5344,1,4,,1,30,,5345,1,4,,1,70,,5346,1,4,,1,30,,5347,1,4,,1,70,,5348,1,4,,1,30,,5349,1,4,,1,70,,5350,1,4,,1,30,,5351,1,4,,1,70,,5352,1,4,,1,30,,5353,1,4,,1,70,,5354,1,4,,1,100,,5355,1,4,,1,100,,5356,1,4,,1,100,,5357,1,4,,1,100,,5358,1,4,,1,100,,5359,1,4,,1
1920091200,'24347',12,,5360,1,4,,1,100,,5361,1,4,,1,100,,5362,1,4,,1,100,,5363,1,4,,1,200,,5364,1,4,,1,100,,5365,1,4,,1,30,,5366,1,4,,1,70,,5367,1,4,,1,30,,5368,1,4,,1,70,,5369,1,4,,1,30,,5370,1,4,,1,70,,5371,1,4,,1,30,,5372,1,4,,1,70,,5373,1,4,,1,30,,5374,1,4,,1,70,,5375,1,4,,1,30,,5376,1,4,,1,70,,5377,1,4,,1,30,,5378,1,4,,1,70,,5379,1,4,,1,30,,5380,1,4,,1,70,,5381,1,4,,1,30,,5382,1,4,,1,70,,5383,1,4,,1,30,,5384,1,4,,1,70,,5385,1,4,,1,30,,5386,1,4,,1,70,,5387,1,4,,1,30,,5388,1,4,,1,70,,5389,1,4,,1,100,,5390,1,4,,1,100,,5391,1,4,,1,100,,5392,1,4,,1,100,,5393,1,4,,1,100,,5394,1,4,,1
1920091200,'24348',12,,5395,1,4,,1,100,,5396,1,4,,1,100,,5397,1,4,,1,100,,5398,1,4,,1,200,,5399,1,4,,1,100,,5400,1,4,,1,30,,5401,1,4,,1,70,,5402,1,4,,1,30,,5403,1,4,,1,70,,5404,1,4,,1,30,,5405,1,4,,1,70,,5406,1,4,,1,30,,5407,1,4,,1,70,,5408,1,4,,1,30,,5409,1,4,,1,70,,5410,1,4,,1,30,,5411,1,4,,1,70,,5412,1,4,,1,30,,5413,1,4,,1,70,,5414,1,4,,1,30,,5415,1,4,,1,70,,5416,1,4,,1,30,,5417,1,4,,1,70,,5418,1,4,,1,30,,5419,1,4,,1,70,,5420,1,4,,1,30,,5421,1,4,,1,70,,5422,1,4,,1,30,,5423,1,4,,1,70,,5424,1,4,,1,100,,5425,1,4,,1,100,,5426,1,4,,1,100,,5427,1,4,,1,100,,5428,1,4,,1,100,,5429,1,4,,1
1920091200,'24349',12,,5430,1,4,,1,100,,5431,1,4,,1,100,,5432,1,4,,1,100,,5433,1,4,,1,300,,5434,1,4,,1,100,,5435,1,4,,1,30,,5436,1,4,,1,70,,5437,1,4,,1,30,,5438,1,4,,1,70,,5439,1,4,,1,30,,5440,1,4,,1,70,,5441,1,4,,1,30,,5442,1,4,,1,70,,5443,1,4,,1,30,,5444,1,4,,1,70,,5445,1,4,,1,30,,5446,1,4,,1,70,,5447,1,4,,1,30,,5448,1,4,,1,70,,5449,1,4,,1,30,,5450,1,4,,1,70,,5451,1,4,,1,30,,5452,1,4,,1,70,,5453,1,4,,1,30,,5454,1,4,,1,70,,5455,1,4,,1,30,,5456,1,4,,1,70,,5457,1,4,,1,30,,5458,1,4,,1,70,,5459,1,4,,1,100,,5460,1,4,,1,100,,5461,1,4,,1,100,,5462,1,4,,1,100,,5463,1,4,,1
1920091200,'24622',12,,14826,1,4,,1,500,,14827,1,4,,1,100,,14828,1,4,,1,30,,14829,1,4,,1,70,,14830,1,4,,1,30,,14831,1,4,,1,70,,14832,1,4,,1,30,,14833,1,4,,1,70,,14834,1,4,,1,30,,14835,1,4,,1,70,,14836,1,4,,1,30,,14837,1,4,,1,70,,14838,1,4,,1,30,,14839,1,4,,1,70,,14840,1,4,,1,30,,14841,1,4,,1,70,,14842,1,4,,1,30,,14843,1,4,,1,70,,14844,1,4,,1,30,,14845,1,4,,1,70,,14846,1,4,,1,30,,14847,1,4,,1,70,,14848,1,4,,1,30,,14849,1,4,,1,70,,14850,1,4,,1,30,,14851,1,4,,1,70,,14852,1,4,,1,100,,14853,1,4,,1,100,,14854,1,4,,1,100,,14855,1,4,,1,100,,14856,1,4,,1,100,,14857,1,4,,1
1920091200,'24624',12,,14858,1,4,,1,500,,14859,1,4,,1,100,,14860,1,4,,1,30,,14861,1,4,,1,70,,14862,1,4,,1,30,,14863,1,4,,1,70,,14864,1,4,,1,30,,14865,1,4,,1,70,,14866,1,4,,1,30,,14867,1,4,,1,70,,14868,1,4,,1,30,,14869,1,4,,1,70,,14870,1,4,,1,30,,14871,1,4,,1,70,,14872,1,4,,1,30,,14873,1,4,,1,70,,14874,1,4,,1,30,,14875,1,4,,1,70,,14876,1,4,,1,30,,14877,1,4,,1,70,,14878,1,4,,1,30,,14879,1,4,,1,70,,14880,1,4,,1,30,,14881,1,4,,1,70,,14882,1,4,,1,30,,14883,1,4,,1,70,,14884,1,4,,1,100,,14885,1,4,,1,100,,14886,1,4,,1,100,,14887,1,4,,1,100,,14888,1,4,,1,100,,14889,1,4,,1
1920091201,'24336',30,,5464,0,,,1,100,,5465,0,,,1,100,,5466,0,,,1,300,,5467,0,,,1,100,,5468,0,,,1,100,,5469,0,,,1,70,,5470,0,,,1,30,,5471,0,,,1,70,,5472,0,,,1,30,,5473,0,,,1,70,,5474,0,,,1,30,,5475,0,,,1,70,,5476,0,,,1,30,,5477,0,,,1,70,,5478,0,,,1,30,,5479,0,,,1,70,,5480,0,,,1,30,,5481,0,,,1,70,,5482,0,,,1,30,,5483,0,,,1,70,,5484,0,,,1,30,,5485,0,,,1,70,,5486,0,,,1,30,,5487,0,,,1,70,,5488,0,,,1,30,,5489,0,,,1,70,,5490,0,,,1,30,,5491,0,,,1,100,,5492,0,,,1,100,,5493,0,,,1,100,,5494,0,,,1,100,,5495,0,,,1,100,,5496,0,,,1
1920091201,'24337',30,,5497,0,,,1,100,,5498,0,,,1,100,,5499,0,,,1,200,,5500,0,,,1,100,,5501,0,,,1,100,,5502,0,,,1,70,,5503,0,,,1,30,,5504,0,,,1,70,,5505,0,,,1,30,,5506,0,,,1,70,,5507,0,,,1,30,,5508,0,,,1,70,,5509,0,,,1,30,,5510,0,,,1,70,,5511,0,,,1,30,,5512,0,,,1,70,,5513,0,,,1,30,,5514,0,,,1,70,,5515,0,,,1,30,,5516,0,,,1,70,,5517,0,,,1,30,,5518,0,,,1,70,,5519,0,,,1,30,,5520,0,,,1,70,,5521,0,,,1,30,,5522,0,,,1,70,,5523,0,,,1,30,,5524,0,,,1,100,,5525,0,,,1,100,,5526,0,,,1,100,,5527,0,,,1,100,,5528,0,,,1,100,,5529,0,,,1,100,,5530,0,,,1
1920091201,'24338',30,,5531,0,,,1,100,,5532,0,,,1,100,,5533,0,,,1,200,,5534,0,,,1,100,,5535,0,,,1,100,,5536,0,,,1,70,,5537,0,,,1,30,,5538,0,,,1,70,,5539,0,,,1,30,,5540,0,,,1,70,,5541,0,,,1,30,,5542,0,,,1,70,,5543,0,,,1,30,,5544,0,,,1,70,,5545,0,,,1,30,,5546,0,,,1,70,,5547,0,,,1,30,,5548,0,,,1,70,,5549,0,,,1,30,,5550,0,,,1,70,,5551,0,,,1,30,,5552,0,,,1,70,,5553,0,,,1,30,,5554,0,,,1,70,,5555,0,,,1,30,,5556,0,,,1,70,,5557,0,,,1,30,,5558,0,,,1,100,,5559,0,,,1,100,,5560,0,,,1,100,,5561,0,,,1,100,,5562,0,,,1,100,,5563,0,,,1,100,,5564,0,,,1
1920091201,'24339',30,,5565,0,,,1,100,,5566,0,,,1,100,,5567,0,,,1,200,,5568,0,,,1,100,,5569,0,,,1,100,,5570,0,,,1,70,,5571,0,,,1,30,,5572,0,,,1,70,,5573,0,,,1,30,,5574,0,,,1,70,,5575,0,,,1,30,,5576,0,,,1,70,,5577,0,,,1,30,,5578,0,,,1,70,,5579,0,,,1,30,,5580,0,,,1,70,,5581,0,,,1,30,,5582,0,,,1,70,,5583,0,,,1,30,,5584,0,,,1,70,,5585,0,,,1,30,,5586,0,,,1,70,,5587,0,,,1,30,,5588,0,,,1,70,,5589,0,,,1,30,,5590,0,,,1,70,,5591,0,,,1,30,,5592,0,,,1,100,,5593,0,,,1,100,,5594,0,,,1,100,,5595,0,,,1,100,,5596,0,,,1,100,,5597,0,,,1,100,,5598,0,,,1
1920091201,'24340',30,,5599,0,,,1,100,,5600,0,,,1,100,,5601,0,,,1,200,,5602,0,,,1,100,,5603,0,,,1,100,,5604,0,,,1,70,,5605,0,,,1,30,,5606,0,,,1,70,,5607,0,,,1,30,,5608,0,,,1,70,,5609,0,,,1,30,,5610,0,,,1,70,,5611,0,,,1,30,,5612,0,,,1,70,,5613,0,,,1,30,,5614,0,,,1,70,,5615,0,,,1,30,,5616,0,,,1,70,,5617,0,,,1,30,,5618,0,,,1,70,,5619,0,,,1,30,,5620,0,,,1,70,,5621,0,,,1,30,,5622,0,,,1,70,,5623,0,,,1,30,,5624,0,,,1,70,,5625,0,,,1,30,,5626,0,,,1,100,,5627,0,,,1,100,,5628,0,,,1,100,,5629,0,,,1,100,,5630,0,,,1,100,,5631,0,,,1,100,,5632,0,,,1
1920091201,'24341',30,,5633,0,,,1,100,,5634,0,,,1,100,,5635,0,,,1,200,,5636,0,,,1,100,,5637,0,,,1,100,,5638,0,,,1,70,,5639,0,,,1,30,,5640,0,,,1,70,,5641,0,,,1,30,,5642,0,,,1,70,,5643,0,,,1,30,,5644,0,,,1,70,,5645,0,,,1,30,,5646,0,,,1,70,,5647,0,,,1,30,,5648,0,,,1,70,,5649,0,,,1,30,,5650,0,,,1,70,,5651,0,,,1,30,,5652,0,,,1,70,,5653,0,,,1,30,,5654,0,,,1,70,,5655,0,,,1,30,,5656,0,,,1,70,,5657,0,,,1,30,,5658,0,,,1,70,,5659,0,,,1,30,,5660,0,,,1,100,,5661,0,,,1,100,,5662,0,,,1,100,,5663,0,,,1,100,,5664,0,,,1,100,,5665,0,,,1,100,,5666,0,,,1
1920091201,'24342',30,,5667,0,,,1,100,,5668,0,,,1,100,,5669,0,,,1,300,,5670,0,,,1,100,,5671,0,,,1,100,,5672,0,,,1,70,,5673,0,,,1,30,,5674,0,,,1,70,,5675,0,,,1,30,,5676,0,,,1,70,,5677,0,,,1,30,,5678,0,,,1,70,,5679,0,,,1,30,,5680,0,,,1,70,,5681,0,,,1,30,,5682,0,,,1,70,,5683,0,,,1,30,,5684,0,,,1,70,,5685,0,,,1,30,,5686,0,,,1,70,,5687,0,,,1,30,,5688,0,,,1,70,,5689,0,,,1,30,,5690,0,,,1,70,,5691,0,,,1,30,,5692,0,,,1,70,,5693,0,,,1,30,,5694,0,,,1,100,,5695,0,,,1,100,,5696,0,,,1,100,,5697,0,,,1,100,,5698,0,,,1,100,,5699,0,,,1
1920091201,'24621',30,,14890,0,,,1,400,,14891,0,,,1,100,,14892,0,,,1,100,,14893,0,,,1,70,,14894,0,,,1,30,,14895,0,,,1,70,,14896,0,,,1,30,,14897,0,,,1,70,,14898,0,,,1,30,,14899,0,,,1,70,,14900,0,,,1,30,,14901,0,,,1,70,,14902,0,,,1,30,,14903,0,,,1,70,,14904,0,,,1,30,,14905,0,,,1,70,,14906,0,,,1,30,,14907,0,,,1,70,,14908,0,,,1,30,,14909,0,,,1,70,,14910,0,,,1,30,,14911,0,,,1,70,,14912,0,,,1,30,,14913,0,,,1,70,,14914,0,,,1,30,,14915,0,,,1,100,,14916,0,,,1,100,,14917,0,,,1,100,,14918,0,,,1,100,,14919,0,,,1,100,,14920,0,,,1,100,,14921,0,,,1
1920091201,'24623',430,,14922,0,,,1,100,,14923,0,,,1,100,,14924,0,,,1,70,,14925,0,,,1,30,,14926,0,,,1,70,,14927,0,,,1,30,,14928,0,,,1,70,,14929,0,,,1,30,,14930,0,,,1,70,,14931,0,,,1,30,,14932,0,,,1,70,,14933,0,,,1,30,,14934,0,,,1,70,,14935,0,,,1,30,,14936,0,,,1,70,,14937,0,,,1,30,,14938,0,,,1,70,,14939,0,,,1,30,,14940,0,,,1,70,,14941,0,,,1,30,,14942,0,,,1,70,,14943,0,,,1,30,,14944,0,,,1,70,,14945,0,,,1,30,,14946,0,,,1,100,,14947,0,,,1,100,,14948,0,,,1,100,,14949,0,,,1,100,,14950,0,,,1,100,,14951,0,,,1,100,,14952,0,,,1
